1,1,538,636,75,35
1,2,442,589,41,73
1,3,494,634,72,46
1,4,414,530,83,67
1,5,416,627,40,54
2,1,541,639,74,33
2,2,442,588,41,73
2,3,493,637,74,43
2,4,415,529,83,67
2,5,417,625,38,56
3,1,544,641,74,30
3,2,441,586,41,73
3,3,490,637,72,42
3,4,417,528,83,67
3,5,418,621,32,60
4,1,546,645,74,27
4,2,441,584,41,73
4,3,488,637,71,41
4,4,416,528,85,62
4,5,418,618,30,63
5,1,548,648,74,23
5,2,440,583,41,73
5,3,486,634,71,43
5,4,417,526,85,63
5,5,418,615,28,66
6,1,549,648,75,24
6,2,440,580,39,75
6,3,485,631,71,45
6,4,418,526,85,62
6,5,418,613,29,68
7,1,550,647,76,25
7,2,443,576,36,78
7,3,484,631,69,45
7,4,419,524,85,62
7,5,418,611,30,70
8,1,552,646,75,26
8,2,443,576,37,73
8,3,482,631,67,45
8,4,419,524,85,62
8,5,418,610,31,71
9,1,555,645,74,27
9,2,443,576,38,68
9,3,481,634,69,43
9,4,421,522,85,62
9,5,417,607,32,73
10,1,555,644,75,27
10,2,442,575,35,65
10,3,480,636,71,41
10,4,422,522,86,61
10,5,418,605,32,74
11,1,555,644,76,28
11,2,440,574,33,63
11,3,479,640,71,38
11,4,423,521,86,60
11,5,419,604,32,76
12,1,556,643,77,29
12,2,439,574,34,61
12,3,477,643,72,34
12,4,424,520,86,60
12,5,419,603,32,77
13,1,557,642,78,31
13,2,438,573,35,59
13,3,475,642,70,35
13,4,424,519,87,60
13,5,418,604,33,76
14,1,558,641,78,32
14,2,438,572,38,59
14,3,473,641,68,36
14,4,426,518,87,60
14,5,417,603,34,77
15,1,559,640,78,34
15,2,437,571,40,59
15,3,471,639,67,36
15,4,427,517,86,60
15,5,415,604,36,76
16,1,561,640,78,34
16,2,436,570,42,57
16,3,469,636,66,37
16,4,428,517,87,59
16,5,414,605,38,75
17,1,562,639,78,35
17,2,435,569,45,55
17,3,467,635,66,38
17,4,428,516,87,58
17,5,415,604,38,75
18,1,564,638,77,36
18,2,433,567,49,56
18,3,465,633,66,39
18,4,429,515,88,58
18,5,415,604,38,75
19,1,566,638,77,37
19,2,431,566,52,54
19,3,464,634,66,38
19,4,429,514,89,58
19,5,417,603,36,76
20,1,568,637,76,38
20,2,431,565,54,54
20,3,463,634,66,38
20,4,430,513,89,57
20,5,419,603,34,77
21,1,569,636,75,38
21,2,430,564,56,54
21,3,462,637,68,35
21,4,431,513,89,55
21,5,420,602,34,77
22,1,571,636,75,38
22,2,430,564,58,50
22,3,461,639,69,32
22,4,432,512,89,55
22,5,421,601,33,78
23,1,572,635,75,39
23,2,429,563,60,49
23,3,459,642,70,30
23,4,433,511,89,55
23,5,420,603,34,77
24,1,574,635,74,40
24,2,428,562,62,48
24,3,458,644,70,28
24,4,434,510,89,55
24,5,418,604,36,75
25,1,575,634,74,41
25,2,428,561,63,48
25,3,457,645,70,28
25,4,435,510,89,55
25,5,415,606,39,73
26,1,577,633,74,41
26,2,428,559,64,48
26,3,456,645,69,27
26,4,436,511,89,49
26,5,412,608,42,72
27,1,578,632,74,41
27,2,428,559,66,48
27,3,455,645,69,28
27,4,442,513,86,51
27,5,412,608,44,72
28,1,579,632,73,42
28,2,428,558,67,48
28,3,454,644,69,28
28,4,446,514,84,51
28,5,411,607,45,72
29,1,580,631,73,43
29,2,428,557,68,48
29,3,454,644,69,28
29,4,450,515,83,51
29,5,413,605,44,75
30,1,581,631,73,44
30,2,428,556,69,48
30,3,453,644,69,28
30,4,457,515,79,50
30,5,415,603,43,78
31,1,582,630,73,45
31,2,431,556,68,47
31,3,455,642,67,30
31,4,457,515,81,47
31,5,417,603,42,78
32,1,583,630,73,45
32,2,433,555,66,46
32,3,457,640,65,32
32,4,457,514,84,43
32,5,419,603,40,78
33,1,584,629,73,45
33,2,435,555,66,47
33,3,457,636,60,35
33,4,457,514,87,40
33,5,418,603,42,78
34,1,587,626,69,49
34,2,436,554,66,47
34,3,456,632,55,38
34,4,456,514,90,38
34,5,417,603,44,78
35,1,589,622,66,52
35,2,437,553,66,47
35,3,456,629,45,41
35,4,456,513,92,35
35,5,416,603,45,78
36,1,589,619,64,52
36,2,438,552,66,48
36,3,456,625,39,45
36,4,456,513,95,32
36,5,415,603,47,78
37,1,589,615,62,51
37,2,439,552,66,48
37,3,456,621,33,50
37,4,456,512,97,29
37,5,413,605,49,76
38,1,595,613,57,54
38,2,441,551,65,48
38,3,455,620,37,51
38,4,457,512,99,26
38,5,411,608,50,73
39,1,600,611,52,57
39,2,442,551,65,48
39,3,453,619,40,52
39,4,457,512,101,24
39,5,410,609,51,71
40,1,603,609,50,63
40,2,442,550,65,48
40,3,453,618,42,54
40,4,458,512,102,21
40,5,409,611,53,69
41,1,606,606,48,68
41,2,443,550,65,48
41,3,453,616,43,56
41,4,462,511,101,19
41,5,409,608,55,72
42,1,611,603,44,71
42,2,444,549,65,48
42,3,454,612,45,59
42,4,464,511,101,19
42,5,409,605,56,74
43,1,616,601,41,74
43,2,445,549,65,47
43,3,454,607,47,63
43,4,465,510,102,18
43,5,413,603,54,75
44,1,619,598,39,77
44,2,447,548,64,45
44,3,453,609,50,61
44,4,468,510,101,17
44,5,417,602,51,77
45,1,622,596,37,79
45,2,448,550,64,43
45,3,452,610,52,59
45,4,470,510,101,15
45,5,417,602,51,77
46,1,625,594,36,79
46,2,450,552,64,41
46,3,452,611,54,59
46,4,472,510,101,15
46,5,417,602,53,76
47,1,627,591,35,79
47,2,455,548,60,46
47,3,451,612,56,58
47,4,474,509,101,15
47,5,417,602,54,76
48,1,627,589,35,80
48,2,460,544,56,51
48,3,449,613,59,57
48,4,475,509,102,15
48,5,415,606,58,73
49,1,627,587,36,80
49,2,460,544,58,45
49,3,448,613,62,57
49,4,477,509,101,15
49,5,412,609,62,69
50,1,628,585,36,81
50,2,460,544,59,40
50,3,447,614,65,54
50,4,480,509,100,15
50,5,410,610,65,68
51,1,628,583,37,82
51,2,458,546,63,35
51,3,446,615,68,52
51,4,482,509,100,15
51,5,408,610,68,67
52,1,629,581,36,82
52,2,456,548,67,29
52,3,447,617,69,49
52,4,484,509,100,15
52,5,408,611,69,66
53,1,629,579,36,82
53,2,457,548,68,28
53,3,448,618,70,46
53,4,486,508,100,15
53,5,408,611,70,66
54,1,630,577,36,82
54,2,457,547,70,27
54,3,450,621,71,44
54,4,488,508,100,15
54,5,408,613,70,64
55,1,631,575,36,83
55,2,460,547,69,27
55,3,451,624,72,41
55,4,490,508,100,15
55,5,408,614,71,62
56,1,632,573,36,83
56,2,463,547,68,27
56,3,451,628,74,36
56,4,491,508,100,14
56,5,408,616,71,61
57,1,632,571,36,83
57,2,465,547,68,29
57,3,451,632,77,31
57,4,493,508,100,14
57,5,408,617,71,60
58,1,633,569,36,83
58,2,467,546,68,31
58,3,451,636,80,27
58,4,495,507,100,14
58,5,408,618,72,59
59,1,634,567,36,83
59,2,469,546,68,31
59,3,450,641,83,22
59,4,497,507,100,14
59,5,408,618,72,58
60,1,635,566,36,83
60,2,470,545,68,32
60,3,450,641,84,22
60,4,498,507,100,14
60,5,407,619,73,58
61,1,635,564,36,84
61,2,471,545,69,32
61,3,459,641,77,22
61,4,500,507,100,14
61,5,406,619,75,57
62,1,637,562,35,84
62,2,472,544,70,32
62,3,460,645,78,18
62,4,501,507,100,14
62,5,406,619,75,57
63,1,638,560,34,84
63,2,474,544,70,30
63,3,459,645,81,19
63,4,503,507,100,14
63,5,406,619,76,57
64,1,640,559,33,84
64,2,475,543,70,27
64,3,460,646,82,18
64,4,505,507,100,13
64,5,407,619,76,57
65,1,641,558,33,84
65,2,476,543,70,27
65,3,462,646,82,18
65,4,506,506,100,14
65,5,407,619,76,57
66,1,642,556,32,84
66,2,477,542,71,26
66,3,463,646,83,18
66,4,508,506,100,14
66,5,407,620,77,56
67,1,643,554,31,84
67,2,477,542,72,25
67,3,463,646,84,18
67,4,509,506,100,14
67,5,407,620,78,55
68,1,645,553,30,84
68,2,477,542,73,23
68,3,463,646,86,18
68,4,511,506,100,14
68,5,411,620,76,54
69,1,646,551,30,84
69,2,481,540,71,27
69,3,464,645,86,20
69,4,513,505,99,15
69,5,414,620,75,53
70,1,647,550,29,85
70,2,484,537,70,30
70,3,466,644,86,21
70,4,516,503,97,20
70,5,418,619,73,53
71,1,648,548,28,85
71,2,485,539,70,30
71,3,468,643,85,22
71,4,519,503,94,23
71,5,421,617,72,54
72,1,649,547,28,85
72,2,486,540,70,29
72,3,469,643,85,22
72,4,523,502,92,26
72,5,424,618,70,53
73,1,650,545,27,85
73,2,489,539,69,30
73,3,471,643,85,22
73,4,530,500,88,29
73,5,427,619,69,52
74,1,650,544,28,86
74,2,492,539,68,31
74,3,473,642,85,23
74,4,531,499,88,32
74,5,427,622,71,49
75,1,651,542,28,86
75,2,493,539,70,32
75,3,474,642,85,23
75,4,534,499,87,32
75,5,426,625,73,47
76,1,651,541,28,86
76,2,494,538,72,33
76,3,475,641,85,23
76,4,534,499,90,33
76,5,425,628,76,45
77,1,652,540,28,86
77,2,496,537,73,36
77,3,478,638,84,26
77,4,534,499,92,33
77,5,423,630,79,43
78,1,652,539,27,86
78,2,498,535,73,39
78,3,480,635,83,28
78,4,535,499,92,34
78,5,423,632,81,41
79,1,653,537,27,86
79,2,501,534,73,41
79,3,484,634,82,30
79,4,536,499,93,35
79,5,423,634,83,38
80,1,654,536,26,86
80,2,504,533,73,44
80,3,488,633,80,31
80,4,538,499,92,36
80,5,427,632,82,41
81,1,654,535,26,86
81,2,505,533,74,44
81,3,491,634,79,31
81,4,539,499,94,36
81,5,431,629,80,44
82,1,655,534,26,86
82,2,505,533,76,45
82,3,493,635,78,30
82,4,542,497,92,39
82,5,436,629,77,44
83,1,655,533,26,85
83,2,505,535,78,44
83,3,493,638,80,28
83,4,545,496,91,41
83,5,440,630,75,44
84,1,654,531,29,85
84,2,505,536,81,44
84,3,492,640,83,26
84,4,547,494,90,43
84,5,440,635,78,40
85,1,653,529,31,85
85,2,508,538,81,43
85,3,493,642,84,23
85,4,549,494,90,44
85,5,439,640,81,36
86,1,651,527,32,85
86,2,510,540,81,41
86,3,494,643,85,21
86,4,552,494,89,44
86,5,439,645,83,33
87,1,650,525,32,85
87,2,510,541,83,40
87,3,495,643,86,21
87,4,554,494,89,46
87,5,439,649,85,30
88,1,651,522,31,82
88,2,510,543,85,39
88,3,496,643,86,21
88,4,556,493,88,47
88,5,442,648,85,31
89,1,651,519,30,80
89,2,513,545,85,37
89,3,498,643,86,19
89,4,558,493,87,48
89,5,444,647,85,33
90,1,650,517,33,81
90,2,515,547,84,35
90,3,500,643,85,18
90,4,560,493,86,49
90,5,447,644,84,36
91,1,648,514,35,81
91,2,518,549,83,34
91,3,502,643,85,17
91,4,562,493,86,50
91,5,450,642,83,40
92,1,647,511,37,82
92,2,520,551,82,33
92,3,503,643,85,16
92,4,564,493,86,50
92,5,453,641,82,41
93,1,646,508,40,83
93,2,522,552,83,33
93,3,506,640,84,19
93,4,566,493,86,51
93,5,456,640,81,42
94,1,644,506,43,82
94,2,523,552,84,33
94,3,508,637,84,21
94,4,567,493,85,52
94,5,458,644,82,37
95,1,643,503,46,81
95,2,524,554,84,31
95,3,508,632,85,27
95,4,569,494,85,51
95,5,461,647,83,32
96,1,642,501,48,80
96,2,526,555,84,30
96,3,509,627,86,32
96,4,570,494,85,52
96,5,464,645,83,34
97,1,640,499,51,79
97,2,526,555,85,30
97,3,512,627,83,34
97,4,572,494,84,52
97,5,466,644,83,35
98,1,639,496,51,79
98,2,527,554,86,31
98,3,515,626,81,37
98,4,574,495,84,52
98,5,470,648,83,31
99,1,638,494,51,79
99,2,529,554,85,31
99,3,518,623,79,40
99,4,575,495,84,53
99,5,473,652,83,27
100,1,636,492,51,78
100,2,532,554,84,32
100,3,518,626,80,37
100,4,577,495,84,53
100,5,475,655,84,26
101,1,635,489,51,78
101,2,533,554,85,32
101,3,519,628,81,34
101,4,578,496,84,53
101,5,476,657,86,24
102,1,634,487,51,78
102,2,534,554,85,32
102,3,519,630,82,30
102,4,580,497,83,53
102,5,479,659,85,26
103,1,632,485,51,78
103,2,535,555,86,32
103,3,519,632,84,26
103,4,582,497,82,53
103,5,481,660,84,29
104,1,631,483,52,78
104,2,536,556,86,32
104,3,521,634,83,25
104,4,583,498,82,53
104,5,481,660,84,29
105,1,630,481,52,78
105,2,537,556,86,32
105,3,523,636,83,23
105,4,584,499,83,53
105,5,488,655,81,31
106,1,629,480,53,80
106,2,538,556,86,31
106,3,526,638,82,22
106,4,586,499,82,53
106,5,490,655,81,31
107,1,627,478,55,81
107,2,539,556,86,31
107,3,528,640,81,20
107,4,587,500,82,53
107,5,493,655,80,31
108,1,626,478,56,79
108,2,540,557,87,30
108,3,528,639,82,22
108,4,589,501,82,53
108,5,494,653,81,32
109,1,625,478,58,77
109,2,541,557,88,30
109,3,529,638,83,23
109,4,590,501,81,53
109,5,495,652,82,33
110,1,625,478,58,75
110,2,541,557,88,30
110,3,529,637,84,25
110,4,591,502,82,53
110,5,499,652,80,33
111,1,625,478,58,72
111,2,543,557,87,30
111,3,530,635,85,28
111,4,592,502,82,54
111,5,502,651,79,34
112,1,625,477,58,71
112,2,545,558,87,29
112,3,532,635,84,28
112,4,593,503,82,54
112,5,502,655,81,31
113,1,625,476,57,70
113,2,546,558,87,29
113,3,534,634,83,29
113,4,594,503,82,54
113,5,502,658,83,28
114,1,628,475,53,71
114,2,546,559,88,28
114,3,535,633,83,30
114,4,595,504,83,54
114,5,505,661,80,28
115,1,630,474,49,72
115,2,548,559,87,28
115,3,536,632,83,32
115,4,595,504,84,54
115,5,507,663,78,28
116,1,629,474,48,73
116,2,549,559,86,28
116,3,537,631,83,33
116,4,596,505,84,54
116,5,510,661,75,31
117,1,629,473,46,74
117,2,551,559,86,28
117,3,538,631,83,34
117,4,596,505,85,53
117,5,512,658,72,33
118,1,625,473,48,74
118,2,552,559,86,28
118,3,539,631,83,34
118,4,597,506,85,54
118,5,519,655,66,36
119,1,621,473,49,75
119,2,552,559,87,28
119,3,539,630,83,35
119,4,598,506,85,55
119,5,525,652,59,40
120,1,616,476,49,69
120,2,553,559,88,28
120,3,540,631,84,34
120,4,599,507,85,54
120,5,526,650,59,41
121,1,611,479,48,64
121,2,554,559,88,28
121,3,541,631,84,34
121,4,599,508,86,54
121,5,526,648,59,43
122,1,608,480,54,60
122,2,556,559,87,28
122,3,542,631,84,34
122,4,599,506,87,57
122,5,525,647,61,43
123,1,604,481,60,55
123,2,557,559,87,28
123,3,542,631,84,34
123,4,602,507,85,56
123,5,524,645,63,44
124,1,600,477,66,55
124,2,557,559,88,28
124,3,543,632,84,34
124,4,603,509,84,54
124,5,522,643,65,46
125,1,596,472,73,55
125,2,558,559,88,28
125,3,544,632,84,34
125,4,603,510,86,54
125,5,520,642,67,47
126,1,593,472,80,50
126,2,559,559,88,28
126,3,544,632,84,34
126,4,602,510,88,54
126,5,517,642,72,46
127,1,590,471,88,45
127,2,560,559,88,29
127,3,545,632,84,34
127,4,604,510,87,55
127,5,520,642,67,47
128,1,587,470,91,41
128,2,561,559,88,29
128,3,546,632,84,33
128,4,606,510,86,55
128,5,522,642,66,47
129,1,583,469,94,36
129,2,562,559,88,29
129,3,546,633,84,33
129,4,607,511,86,55
129,5,524,638,64,50
130,1,581,469,95,36
130,2,563,559,88,29
130,3,548,633,83,33
130,4,607,511,86,54
130,5,528,635,59,53
131,1,578,469,95,36
131,2,563,559,89,28
131,3,549,633,83,34
131,4,608,512,86,55
131,5,533,633,52,54
132,1,576,469,95,34
132,2,563,560,89,28
132,3,564,640,69,27
132,4,609,512,87,55
132,5,532,634,52,53
133,1,573,469,95,31
133,2,563,559,90,28
133,3,564,639,70,28
133,4,610,513,86,54
133,5,530,632,52,56
134,1,570,469,95,31
134,2,563,558,90,28
134,3,564,639,70,28
134,4,611,514,85,53
134,5,530,630,50,58
135,1,568,469,95,31
135,2,564,558,90,28
135,3,564,639,71,28
135,4,612,515,85,53
135,5,529,627,49,60
136,1,565,469,95,31
136,2,565,558,90,28
136,3,561,639,74,28
136,4,613,515,85,54
136,5,529,621,50,66
137,1,563,469,95,31
137,2,566,558,89,28
137,3,559,638,77,28
137,4,613,515,86,54
137,5,529,615,52,73
138,1,560,469,95,31
138,2,568,557,88,28
138,3,560,638,76,28
138,4,614,515,86,55
138,5,529,614,52,74
139,1,558,469,95,31
139,2,569,557,88,29
139,3,561,638,76,29
139,4,615,516,86,54
139,5,529,623,53,64
140,1,556,469,95,31
140,2,570,556,87,29
140,3,566,641,71,26
140,4,615,517,86,54
140,5,532,627,50,60
141,1,554,469,95,31
141,2,570,556,87,29
141,3,571,644,67,23
141,4,616,517,86,54
141,5,534,631,46,56
142,1,552,469,94,31
142,2,571,556,87,29
142,3,557,638,82,29
142,4,617,517,86,55
142,5,537,626,43,61
143,1,550,469,94,31
143,2,572,556,87,29
143,3,556,639,83,28
143,4,618,518,85,54
143,5,540,621,40,66
144,1,548,469,94,31
144,2,572,555,87,29
144,3,556,639,83,29
144,4,619,519,85,54
144,5,542,617,39,70
145,1,546,469,94,30
145,2,572,555,87,29
145,3,557,638,81,30
145,4,620,519,85,54
145,5,545,614,38,73
146,1,544,469,94,29
146,2,572,555,87,29
146,3,560,639,79,28
146,4,622,519,84,54
146,5,548,612,34,74
147,1,546,468,87,36
147,2,573,555,88,29
147,3,563,639,78,27
147,4,623,520,84,54
147,5,550,610,31,76
148,1,547,467,81,42
148,2,573,555,88,28
148,3,567,640,76,25
148,4,624,520,83,54
148,5,548,610,32,76
149,1,549,465,73,48
149,2,573,555,88,28
149,3,572,641,73,22
149,4,625,520,83,54
149,5,546,610,33,75
150,1,550,462,65,54
150,2,574,555,88,28
150,3,571,638,76,24
150,4,626,520,83,55
150,5,546,610,35,75
151,1,549,462,61,57
151,2,575,555,88,28
151,3,569,635,80,25
151,4,627,519,82,56
151,5,545,610,37,74
152,1,548,462,57,61
152,2,576,555,88,28
152,3,570,636,80,25
152,4,628,519,81,57
152,5,545,612,38,73
153,1,548,460,54,66
153,2,577,555,87,28
153,3,571,637,81,24
153,4,629,519,81,57
153,5,545,613,39,71
154,1,547,458,50,71
154,2,577,556,87,27
154,3,573,638,81,22
154,4,630,520,81,56
154,5,546,613,37,70
155,1,545,456,48,75
155,2,577,556,87,27
155,3,574,639,81,21
155,4,631,520,81,56
155,5,547,613,35,70
156,1,543,454,45,80
156,2,577,557,88,26
156,3,577,637,79,24
156,4,632,520,82,55
156,5,548,613,33,70
157,1,542,453,43,83
157,2,578,557,88,26
157,3,579,634,78,28
157,4,634,520,82,51
157,5,548,612,31,71
158,1,542,453,40,85
158,2,578,557,88,26
158,3,582,632,77,30
158,4,640,522,78,48
158,5,548,611,30,72
159,1,540,454,38,87
159,2,580,557,87,26
159,3,584,631,75,31
159,4,644,520,76,49
159,5,548,610,28,73
160,1,538,455,35,89
160,2,581,556,86,26
160,3,585,630,76,33
160,4,648,521,75,47
160,5,548,610,28,73
161,1,537,458,35,89
161,2,581,556,86,27
161,3,586,630,77,34
161,4,648,525,78,44
161,5,548,610,28,73
162,1,536,460,35,89
162,2,581,555,87,28
162,3,587,629,76,35
162,4,648,528,79,40
162,5,548,614,31,68
163,1,536,463,35,89
163,2,582,555,87,28
163,3,588,629,76,36
163,4,648,532,82,37
163,5,548,618,33,63
164,1,535,465,35,89
164,2,582,554,88,28
164,3,589,629,75,36
164,4,647,535,86,33
164,5,548,619,31,61
165,1,534,467,35,89
165,2,582,554,88,28
165,3,589,629,74,35
165,4,646,538,89,30
165,5,548,620,28,60
166,1,532,469,36,90
166,2,582,553,88,28
166,3,592,628,69,35
166,4,646,542,91,26
166,5,547,619,30,61
167,1,531,471,36,90
167,2,583,553,88,29
167,3,594,628,64,34
167,4,646,546,92,23
167,5,546,618,31,61
168,1,530,472,37,91
168,2,583,552,88,29
168,3,603,622,54,40
168,4,647,549,93,20
168,5,544,617,34,61
169,1,530,475,37,91
169,2,583,552,89,29
169,3,611,617,44,45
169,4,648,550,94,19
169,5,541,617,36,61
170,1,529,477,37,90
170,2,584,551,89,30
170,3,616,615,39,46
170,4,649,552,94,17
170,5,539,619,39,58
171,1,528,479,37,90
171,2,584,551,89,30
171,3,621,613,35,48
171,4,651,552,95,17
171,5,536,620,41,56
172,1,526,481,37,90
172,2,585,551,89,30
172,3,622,612,34,49
172,4,652,552,96,17
172,5,541,617,35,59
173,1,526,483,37,90
173,2,587,551,86,32
173,3,624,610,34,51
173,4,654,552,95,17
173,5,545,614,29,62
174,1,525,484,37,90
174,2,589,550,83,35
174,3,622,606,37,55
174,4,656,552,94,17
174,5,548,612,29,63
175,1,525,486,36,90
175,2,591,552,78,37
175,3,621,603,39,59
175,4,657,552,95,17
175,5,551,610,28,64
176,1,524,488,35,90
176,2,594,554,73,38
176,3,619,602,42,60
176,4,658,552,96,17
176,5,550,613,32,61
177,1,524,489,35,91
177,2,598,552,68,43
177,3,618,600,44,62
177,4,660,552,96,18
177,5,549,616,36,59
178,1,523,491,34,91
178,2,602,550,63,47
178,3,617,600,45,63
178,4,662,552,95,18
178,5,548,615,40,60
179,1,523,493,35,91
179,2,605,548,59,51
179,3,616,600,45,63
179,4,664,553,95,17
179,5,546,614,44,60
180,1,522,494,35,91
180,2,609,546,54,55
180,3,614,601,49,63
180,4,665,553,95,17
180,5,546,615,47,58
181,1,522,496,35,91
181,2,611,544,52,58
181,3,613,602,52,62
181,4,666,553,95,17
181,5,545,616,50,57
182,1,522,497,35,91
182,2,613,542,50,62
182,3,612,602,54,62
182,4,667,553,95,17
182,5,545,617,52,55
183,1,521,498,35,91
183,2,615,540,49,65
183,3,611,603,56,62
183,4,669,553,95,17
183,5,545,617,54,53
184,1,520,499,35,92
184,2,616,538,47,69
184,3,611,604,58,61
184,4,670,552,96,18
184,5,545,619,57,51
185,1,520,501,35,92
185,2,621,536,43,73
185,3,611,605,60,60
185,4,672,553,95,17
185,5,544,620,59,50
186,1,520,502,35,92
186,2,625,534,40,77
186,3,611,609,59,57
186,4,673,553,95,17
186,5,542,621,63,48
187,1,520,504,35,92
187,2,627,533,38,80
187,3,611,612,58,54
187,4,675,553,95,17
187,5,539,622,67,47
188,1,519,505,35,91
188,2,630,531,37,83
188,3,610,613,59,53
188,4,676,553,96,17
188,5,537,625,71,45
189,1,518,507,35,91
189,2,632,531,35,85
189,3,609,613,60,53
189,4,677,553,95,17
189,5,534,627,74,43
190,1,518,508,35,91
190,2,634,531,33,87
190,3,608,611,55,56
190,4,679,553,95,17
190,5,533,631,78,40
191,1,517,509,35,91
191,2,638,531,30,88
191,3,607,608,50,58
191,4,680,553,95,17
191,5,531,634,81,37
192,1,517,511,35,91
192,2,641,531,27,89
192,3,606,606,51,60
192,4,682,552,95,18
192,5,533,636,81,35
193,1,517,512,34,91
193,2,644,532,25,89
193,3,605,604,52,61
193,4,683,552,95,18
193,5,534,638,81,34
194,1,516,514,33,91
194,2,646,533,23,90
194,3,605,603,52,61
194,4,685,552,95,18
194,5,537,636,81,37
195,1,517,515,33,91
195,2,646,534,23,90
195,3,605,602,52,60
195,4,686,552,95,18
195,5,539,633,80,39
196,1,517,517,34,90
196,2,647,534,23,91
196,3,603,600,52,61
196,4,687,552,95,18
196,5,542,633,79,40
197,1,517,521,34,87
197,2,647,536,23,90
197,3,601,598,51,62
197,4,688,552,95,18
197,5,544,632,79,42
198,1,518,525,34,84
198,2,647,538,23,89
198,3,600,599,50,60
198,4,691,551,92,24
198,5,545,634,80,40
199,1,519,531,35,78
199,2,647,539,23,87
199,3,598,600,49,59
199,4,696,548,86,30
199,5,545,636,81,38
200,1,521,537,37,73
200,2,646,540,24,85
200,3,598,602,51,57
200,4,703,546,80,36
200,5,546,639,83,36
201,1,520,540,40,72
201,2,646,540,25,88
201,3,598,604,53,54
201,4,709,543,73,43
201,5,546,641,84,35
202,1,518,542,44,71
202,2,645,541,26,91
202,3,595,604,58,63
202,4,714,542,68,47
202,5,548,642,84,33
203,1,517,544,47,72
203,2,646,542,26,91
203,3,595,609,58,58
203,4,716,542,67,50
203,5,549,644,83,32
204,1,516,545,50,74
204,2,646,542,26,91
204,3,596,614,60,50
204,4,718,541,66,53
204,5,552,644,83,31
205,1,513,548,55,72
205,2,647,544,25,91
205,3,597,619,61,41
205,4,720,538,64,58
205,5,554,644,83,31
206,1,510,551,60,71
206,2,648,545,24,91
206,3,596,620,56,40
206,4,722,536,63,63
206,5,556,642,83,31
207,1,508,555,63,70
207,2,648,546,24,91
207,3,595,621,51,40
207,4,724,533,62,68
207,5,559,640,83,31
208,1,506,558,67,69
208,2,649,546,24,91
208,3,594,618,45,43
208,4,728,532,58,71
208,5,563,640,81,31
209,1,506,561,69,68
209,2,649,547,24,91
209,3,593,615,39,47
209,4,732,531,55,73
209,5,567,640,79,30
210,1,506,564,71,67
210,2,650,548,24,91
210,3,592,612,41,49
210,4,735,530,52,76
210,5,568,644,80,27
211,1,509,568,70,65
211,2,651,549,23,91
211,3,591,609,43,50
211,4,738,530,50,78
211,5,568,647,82,24
212,1,511,571,69,64
212,2,651,549,22,91
212,3,590,606,46,53
212,4,740,530,48,80
212,5,569,650,83,21
213,1,513,572,68,64
213,2,652,550,22,91
213,3,589,604,49,55
213,4,743,531,46,82
213,5,570,652,84,18
214,1,516,573,67,65
214,2,652,550,21,92
214,3,588,604,52,55
214,4,746,531,43,83
214,5,572,654,85,16
215,1,518,575,66,65
215,2,653,551,21,92
215,3,588,604,55,54
215,4,749,532,41,84
215,5,574,656,85,14
216,1,520,576,65,65
216,2,653,551,20,92
216,3,586,606,58,53
216,4,751,532,39,86
216,5,575,656,86,15
217,1,522,578,65,65
217,2,654,552,20,92
217,3,583,607,62,52
217,4,753,534,36,87
217,5,576,655,86,15
218,1,523,580,65,65
218,2,654,552,20,92
218,3,583,609,65,50
218,4,755,536,33,88
218,5,579,655,86,16
219,1,525,581,65,66
219,2,654,553,20,92
219,3,583,610,67,49
219,4,752,538,36,89
219,5,581,654,86,17
220,1,526,581,65,67
220,2,654,554,20,92
220,3,583,611,64,47
220,4,749,540,38,89
220,5,583,654,85,17
221,1,528,583,65,67
221,2,654,554,20,92
221,3,583,612,60,46
221,4,751,545,36,87
221,5,585,654,85,16
222,1,529,585,65,67
222,2,654,554,20,92
222,3,583,617,62,41
222,4,753,549,35,85
222,5,586,654,86,16
223,1,531,586,65,68
223,2,654,555,21,92
223,3,583,622,63,36
223,4,756,549,32,87
223,5,587,654,86,16
224,1,532,587,65,68
224,2,654,555,22,93
224,3,584,623,65,35
224,4,759,549,30,90
224,5,589,654,86,17
225,1,534,589,64,68
225,2,654,556,22,91
225,3,585,624,66,34
225,4,763,549,27,93
225,5,590,653,86,17
226,1,535,590,64,67
226,2,655,557,22,90
226,3,589,620,65,38
226,4,766,549,24,95
226,5,592,653,87,18
227,1,537,591,63,68
227,2,655,558,22,90
227,3,594,615,63,43
227,4,769,550,22,97
227,5,593,652,87,18
228,1,538,592,63,69
228,2,655,559,22,90
228,3,596,617,64,40
228,4,771,551,19,98
228,5,595,652,86,18
229,1,539,593,63,69
229,2,655,559,21,91
229,3,597,619,65,38
229,4,773,553,18,98
229,5,597,652,86,18
230,1,540,594,63,70
230,2,655,559,21,92
230,3,598,627,66,28
230,4,775,556,16,97
230,5,599,653,86,18
231,1,542,595,63,70
231,2,656,560,20,91
231,3,595,630,71,25
231,4,776,557,16,98
231,5,600,653,85,18
232,1,543,596,62,70
232,2,656,560,20,91
232,3,592,632,76,22
232,4,776,558,16,99
232,5,602,653,85,18
233,1,544,598,62,70
233,2,657,560,20,92
233,3,592,635,77,18
233,4,776,561,17,98
233,5,603,653,85,18
234,1,545,599,62,69
234,2,657,561,20,92
234,3,596,637,77,15
234,4,776,564,17,97
234,5,604,652,85,19
235,1,547,600,62,70
235,2,657,562,21,91
235,3,600,639,71,13
235,4,776,566,17,97
235,5,605,651,86,20
236,1,548,601,62,70
236,2,656,562,21,90
236,3,601,639,71,14
236,4,776,568,17,97
236,5,607,652,85,20
237,1,549,603,62,70
237,2,656,562,22,91
237,3,601,639,78,14
237,4,777,570,17,97
237,5,609,652,85,20
238,1,550,604,62,70
238,2,655,562,22,92
238,3,601,639,80,13
238,4,777,571,18,98
238,5,610,652,85,20
239,1,551,605,62,70
239,2,653,566,24,89
239,3,603,638,80,14
239,4,777,572,18,98
239,5,611,651,85,20
240,1,553,605,61,70
240,2,650,570,25,85
240,3,604,637,80,15
240,4,777,574,18,98
240,5,614,649,84,22
241,1,554,607,61,70
241,2,649,575,26,83
241,3,607,637,79,15
241,4,775,575,21,98
241,5,616,647,84,24
242,1,555,608,60,70
242,2,647,580,27,80
242,3,610,636,78,15
242,4,773,575,22,96
242,5,618,645,83,26
243,1,556,609,60,69
243,2,649,582,28,80
243,3,613,637,77,14
243,4,773,575,22,95
243,5,621,644,81,27
244,1,557,611,61,69
244,2,650,584,28,81
244,3,615,637,76,13
244,4,770,576,28,91
244,5,623,647,81,25
245,1,558,611,63,67
245,2,654,584,22,83
245,3,616,637,76,13
245,4,767,581,33,83
245,5,625,650,81,24
246,1,559,611,66,65
246,2,658,584,16,85
246,3,617,637,77,12
246,4,762,587,41,72
246,5,626,650,82,24
247,1,567,612,62,59
247,2,660,586,16,85
247,3,622,637,73,13
247,4,759,593,47,63
247,5,627,650,84,25
248,1,568,622,63,50
248,2,661,589,16,84
248,3,627,637,70,13
248,4,756,598,53,54
248,5,629,651,84,25
249,1,569,632,63,40
249,2,661,591,17,85
249,3,629,637,69,13
249,4,754,601,58,50
249,5,631,651,84,25
250,1,566,630,68,42
250,2,661,594,17,85
250,3,631,636,69,13
250,4,752,602,61,48
250,5,633,652,84,25
251,1,563,629,73,45
251,2,661,596,15,85
251,3,631,636,70,13
251,4,750,604,66,46
251,5,634,652,85,25
252,1,566,626,75,50
252,2,661,597,13,85
252,3,631,635,71,14
252,4,748,606,71,43
252,5,635,652,86,25
253,1,568,622,77,56
253,2,661,599,13,85
253,3,631,635,72,14
253,4,745,608,76,42
253,5,637,652,86,25
254,1,573,620,76,58
254,2,661,601,13,85
254,3,630,635,73,14
254,4,743,614,80,35
254,5,638,651,86,26
255,1,577,618,74,60
255,2,662,603,13,85
255,3,631,635,74,14
255,4,742,620,83,29
255,5,639,650,87,27
256,1,580,616,75,60
256,2,662,604,13,85
256,3,631,634,76,15
256,4,740,621,87,28
256,5,641,650,87,27
257,1,582,614,75,59
257,2,662,605,13,86
257,3,632,633,76,16
257,4,738,622,90,26
257,5,642,650,86,27
258,1,585,613,75,57
258,2,661,605,14,86
258,3,633,632,76,17
258,4,736,621,92,27
258,5,644,650,86,27
259,1,588,611,75,55
259,2,660,608,17,83
259,3,634,632,76,17
259,4,733,620,95,28
259,5,645,650,86,27
260,1,589,609,77,53
260,2,659,610,20,79
260,3,635,631,76,18
260,4,731,619,97,31
260,5,647,650,86,27
261,1,590,608,78,51
261,2,658,612,24,76
261,3,635,631,77,18
261,4,729,618,94,31
261,5,648,650,85,27
262,1,591,607,79,49
262,2,656,613,28,73
262,3,636,631,78,18
262,4,727,617,92,32
262,5,650,652,85,25
263,1,592,605,80,47
263,2,655,616,30,70
263,3,637,631,77,18
263,4,726,616,93,34
263,5,652,653,85,24
264,1,594,604,82,46
264,2,654,619,32,67
264,3,638,630,77,19
264,4,724,615,94,35
264,5,652,653,85,24
265,1,595,602,83,45
265,2,652,619,35,66
265,3,639,630,77,19
265,4,723,615,94,36
265,5,653,653,85,24
266,1,597,601,83,44
266,2,650,619,39,66
266,3,640,630,78,19
266,4,721,614,94,37
266,5,654,652,85,25
267,1,600,600,83,43
267,2,650,621,40,63
267,3,642,630,77,19
267,4,719,614,94,37
267,5,655,651,86,26
268,1,602,598,83,43
268,2,649,622,42,61
268,3,643,630,76,18
268,4,717,613,94,37
268,5,658,652,83,25
269,1,604,597,84,41
269,2,647,623,44,60
269,3,644,630,76,18
269,4,715,613,94,37
269,5,661,653,81,23
270,1,605,596,84,40
270,2,645,623,47,59
270,3,645,630,76,18
270,4,714,612,94,37
270,5,662,653,81,23
271,1,607,595,85,40
271,2,645,625,48,57
271,3,649,630,73,19
271,4,712,611,94,37
271,5,663,653,81,24
272,1,609,594,85,40
272,2,645,627,48,55
272,3,652,630,71,19
272,4,711,611,94,37
272,5,664,653,81,24
273,1,611,593,85,39
273,2,644,628,50,56
273,3,652,630,72,19
273,4,709,610,94,37
273,5,665,653,81,24
274,1,613,592,85,37
274,2,643,628,51,56
274,3,651,630,73,19
274,4,708,609,94,37
274,5,666,653,81,24
275,1,615,592,85,36
275,2,642,628,54,57
275,3,651,630,75,19
275,4,706,609,94,37
275,5,666,653,81,24
276,1,618,592,85,34
276,2,640,627,56,57
276,3,651,629,76,20
276,4,705,608,94,37
276,5,667,653,81,24
277,1,620,593,85,34
277,2,638,627,59,58
277,3,652,629,75,20
277,4,704,608,94,37
277,5,668,653,81,24
278,1,623,593,85,34
278,2,636,627,61,58
278,3,653,629,75,20
278,4,702,607,94,37
278,5,669,653,81,24
279,1,629,592,78,34
279,2,635,629,64,57
279,3,654,629,75,20
279,4,703,608,92,35
279,5,670,653,81,24
280,1,635,591,75,35
280,2,633,630,66,56
280,3,654,629,76,20
280,4,702,608,90,34
280,5,670,653,82,24
281,1,639,591,71,32
281,2,634,633,67,53
281,3,655,629,76,20
281,4,706,609,85,32
281,5,671,653,82,24
282,1,639,590,74,30
282,2,634,636,68,49
282,3,656,629,76,20
282,4,710,609,80,31
282,5,671,653,83,24
283,1,639,589,76,33
283,2,637,635,67,50
283,3,658,629,75,20
283,4,693,609,94,32
283,5,671,653,83,24
284,1,639,588,78,35
284,2,639,634,67,50
284,3,659,629,75,20
284,4,691,609,93,38
284,5,671,653,84,24
285,1,640,588,80,36
285,2,642,633,65,50
285,3,659,629,75,20
285,4,689,610,89,38
285,5,671,653,84,24
286,1,640,588,83,37
286,2,645,632,64,50
286,3,659,629,75,20
286,4,686,611,86,38
286,5,671,653,85,24
287,1,642,587,83,38
287,2,645,633,65,49
287,3,660,630,76,19
287,4,683,612,87,35
287,5,671,653,84,24
288,1,643,587,83,39
288,2,646,633,66,49
288,3,660,630,76,18
288,4,680,612,88,33
288,5,673,653,84,24
289,1,645,585,84,41
289,2,645,635,68,47
289,3,661,630,76,18
289,4,677,612,91,30
289,5,674,653,84,23
290,1,647,583,84,43
290,2,645,637,69,45
290,3,662,630,76,18
290,4,674,612,93,26
290,5,674,654,85,23
291,1,650,582,83,46
291,2,644,639,72,44
291,3,664,630,74,19
291,4,671,611,95,25
291,5,676,653,84,23
292,1,652,581,82,48
292,2,643,641,74,42
292,3,665,630,72,21
292,4,669,611,95,20
292,5,678,651,83,24
293,1,655,581,80,49
293,2,642,642,76,42
293,3,666,628,71,23
293,4,666,611,98,20
293,5,680,650,83,25
294,1,658,581,79,50
294,2,641,642,79,42
294,3,668,625,69,25
294,4,663,611,98,19
294,5,681,648,83,26
295,1,660,581,79,51
295,2,640,647,81,38
295,3,671,625,67,24
295,4,660,610,99,17
295,5,683,647,82,26
296,1,662,581,79,52
296,2,638,652,83,34
296,3,674,624,65,24
296,4,658,610,98,17
296,5,686,647,81,26
297,1,664,582,79,52
297,2,641,652,82,33
297,3,677,623,64,24
297,4,656,610,98,17
297,5,686,649,82,25
298,1,665,582,80,53
298,2,643,652,81,33
298,3,680,622,63,24
298,4,653,610,97,17
298,5,687,651,83,24
299,1,666,583,80,54
299,2,646,649,81,35
299,3,683,618,63,28
299,4,651,610,96,17
299,5,687,652,84,24
300,1,667,583,80,54
300,2,648,646,81,38
300,3,685,614,62,31
300,4,649,610,95,17
300,5,688,652,85,24
301,1,668,584,80,55
301,2,650,645,81,38
301,3,694,614,54,30
301,4,646,610,94,17
301,5,689,652,85,24
302,1,670,584,80,56
302,2,652,644,80,39
302,3,703,614,47,30
302,4,644,610,88,17
302,5,689,652,86,24
303,1,671,585,80,56
303,2,653,644,80,40
303,3,704,615,48,30
303,4,641,610,82,18
303,5,691,652,86,24
304,1,673,585,79,56
304,2,654,644,81,41
304,3,704,616,48,30
304,4,639,610,84,17
304,5,692,652,86,24
305,1,674,586,79,57
305,2,654,649,83,36
305,3,704,614,49,33
305,4,637,610,85,17
305,5,693,651,87,24
306,1,676,586,79,57
306,2,654,654,86,31
306,3,704,613,49,35
306,4,635,610,87,17
306,5,694,650,87,25
307,1,677,587,79,57
307,2,655,656,86,30
307,3,704,613,51,35
307,4,633,610,88,17
307,5,695,650,87,26
308,1,679,588,78,56
308,2,656,658,86,28
308,3,703,613,53,35
308,4,631,610,91,17
308,5,696,649,87,26
309,1,680,589,78,56
309,2,657,659,86,27
309,3,705,613,50,35
309,4,629,610,94,17
309,5,698,649,87,26
310,1,681,589,78,56
310,2,659,660,87,26
310,3,706,613,47,35
310,4,627,610,94,17
310,5,699,649,86,26
311,1,682,590,79,56
311,2,661,661,87,27
311,3,711,611,42,37
311,4,624,610,95,17
311,5,701,650,85,25
312,1,683,590,79,56
312,2,663,661,88,28
312,3,717,608,36,39
312,4,622,610,96,16
312,5,703,649,84,26
313,1,684,591,79,56
313,2,664,661,87,28
313,3,718,605,35,43
313,4,620,610,95,16
313,5,703,649,85,25
314,1,685,591,79,56
314,2,665,660,87,29
314,3,720,601,34,47
314,4,619,610,95,16
314,5,705,649,84,25
315,1,686,592,79,57
315,2,667,659,86,30
315,3,721,599,34,49
315,4,616,610,95,16
315,5,704,649,86,25
316,1,687,592,79,57
316,2,668,658,86,31
316,3,721,596,34,51
316,4,615,610,95,16
316,5,705,649,86,25
317,1,688,593,79,57
317,2,670,658,86,31
317,3,719,593,37,55
317,4,613,609,94,17
317,5,706,649,86,25
318,1,689,593,78,57
318,2,671,657,86,32
318,3,717,590,41,59
318,4,612,610,95,16
318,5,707,649,86,25
319,1,690,594,78,57
319,2,674,656,84,32
319,3,716,589,42,60
319,4,609,610,95,17
319,5,708,649,86,25
320,1,691,594,78,57
320,2,677,654,83,32
320,3,714,588,44,61
320,4,608,610,95,17
320,5,709,649,86,25
321,1,692,595,79,57
321,2,679,651,83,35
321,3,713,588,46,61
321,4,606,610,95,17
321,5,710,649,86,25
322,1,693,596,79,57
322,2,682,651,82,34
322,3,712,588,49,61
322,4,604,610,95,17
322,5,711,649,86,25
323,1,693,596,79,57
323,2,684,651,82,34
323,3,711,591,52,57
323,4,602,610,95,17
323,5,711,649,86,25
324,1,693,597,80,57
324,2,686,653,82,32
324,3,709,594,56,54
324,4,600,610,95,17
324,5,711,649,87,25
325,1,695,597,79,58
325,2,687,656,83,31
325,3,707,593,53,52
325,4,598,610,95,17
325,5,712,649,87,25
326,1,697,597,77,58
326,2,688,659,84,27
326,3,705,592,51,51
326,4,597,610,95,16
326,5,713,648,87,25
327,1,697,599,77,58
327,2,688,662,86,24
327,3,704,592,54,51
327,4,596,610,95,16
327,5,714,648,87,25
328,1,698,600,76,59
328,2,688,665,88,22
328,3,702,592,58,51
328,4,594,610,95,16
328,5,715,648,87,25
329,1,699,603,74,58
329,2,688,667,89,20
329,3,700,598,62,45
329,4,593,610,95,16
329,5,715,648,87,25
330,1,700,605,73,57
330,2,691,668,89,17
330,3,699,604,65,40
330,4,591,610,95,16
330,5,718,647,84,26
331,1,703,607,70,56
331,2,693,669,88,14
331,3,697,607,68,38
331,4,589,610,95,16
331,5,721,647,81,27
332,1,705,609,67,56
332,2,693,669,90,14
332,3,696,610,71,37
332,4,587,610,95,16
332,5,726,643,75,30
333,1,707,608,66,58
333,2,693,669,91,15
333,3,694,612,72,36
333,4,586,610,95,16
333,5,731,639,69,33
334,1,708,607,65,60
334,2,695,668,90,16
334,3,692,613,73,36
334,4,584,610,95,16
334,5,735,637,65,35
335,1,710,606,64,61
335,2,698,668,89,16
335,3,691,614,73,36
335,4,583,610,95,16
335,5,738,634,62,37
336,1,712,605,62,63
336,2,700,667,88,17
336,3,689,615,73,36
336,4,581,610,95,16
336,5,741,632,61,40
337,1,713,604,61,64
337,2,702,667,88,17
337,3,688,615,70,37
337,4,580,610,95,16
337,5,743,630,59,42
338,1,714,602,60,66
338,2,703,667,88,17
338,3,686,615,67,37
338,4,578,610,95,16
338,5,754,629,50,43
339,1,716,602,60,68
339,2,704,666,88,17
339,3,685,613,68,40
339,4,577,610,95,16
339,5,765,627,40,44
340,1,717,601,59,70
340,2,706,666,88,17
340,3,684,610,68,43
340,4,576,611,95,16
340,5,770,625,37,44
341,1,720,600,58,71
341,2,707,666,88,17
341,3,683,609,68,45
341,4,574,611,95,16
341,5,774,623,34,44
342,1,722,599,56,72
342,2,708,666,88,17
342,3,682,608,69,46
342,4,573,611,95,16
342,5,774,621,36,45
343,1,723,599,55,73
343,2,708,666,89,18
343,3,681,608,69,47
343,4,571,611,95,16
343,5,774,619,37,47
344,1,725,598,53,74
344,2,709,666,90,18
344,3,680,608,69,48
344,4,570,611,95,16
344,5,774,617,38,48
345,1,726,597,52,75
345,2,709,665,90,18
345,3,678,610,70,45
345,4,568,611,95,16
345,5,773,616,39,49
346,1,727,597,52,75
346,2,711,665,89,18
346,3,676,612,71,43
346,4,567,611,95,16
346,5,774,614,41,50
347,1,728,597,51,75
347,2,713,665,88,18
347,3,675,612,68,43
347,4,566,611,95,16
347,5,774,613,42,52
348,1,729,598,50,74
348,2,715,665,88,19
348,3,674,611,65,42
348,4,564,611,95,16
348,5,775,611,42,53
349,1,730,598,50,74
349,2,716,664,87,19
349,3,672,611,65,43
349,4,563,610,95,16
349,5,775,610,43,54
350,1,731,598,49,74
350,2,717,664,87,19
350,3,670,611,65,44
350,4,562,610,94,17
350,5,775,609,44,55
351,1,732,598,48,73
351,2,718,664,88,19
351,3,669,615,69,41
351,4,561,610,94,17
351,5,775,607,45,57
352,1,732,599,47,72
352,2,720,664,87,20
352,3,667,619,73,37
352,4,560,610,94,17
352,5,776,606,46,57
353,1,733,602,44,75
353,2,721,663,86,20
353,3,665,624,74,33
353,4,558,610,94,17
353,5,776,605,46,58
354,1,734,605,42,78
354,2,722,662,87,21
354,3,662,628,75,30
354,4,557,610,94,17
354,5,776,604,47,59
355,1,734,609,43,73
355,2,722,662,88,21
355,3,661,627,75,30
355,4,556,610,94,17
355,5,776,602,48,59
356,1,734,613,43,68
356,2,723,662,87,21
356,3,659,625,75,30
356,4,555,610,94,17
356,5,776,601,49,60
357,1,737,616,41,64
357,2,725,662,86,21
357,3,657,624,75,31
357,4,553,610,94,17
357,5,776,600,50,61
358,1,740,619,39,59
358,2,725,661,87,22
358,3,655,622,75,32
358,4,552,610,94,17
358,5,776,599,51,62
359,1,744,619,36,59
359,2,725,661,87,22
359,3,653,623,77,32
359,4,551,610,94,17
359,5,776,597,52,64
360,1,747,618,34,58
360,2,727,660,86,23
360,3,651,623,80,32
360,4,550,610,94,17
360,5,776,596,53,64
361,1,746,617,36,59
361,2,728,659,85,24
361,3,650,628,80,28
361,4,549,610,94,17
361,5,776,595,54,65
362,1,744,616,39,60
362,2,729,658,85,25
362,3,648,634,80,23
362,4,548,610,94,17
362,5,776,594,54,65
363,1,743,614,41,61
363,2,730,656,85,26
363,3,646,634,80,24
363,4,547,610,94,17
363,5,777,593,55,66
364,1,742,612,43,63
364,2,731,657,84,25
364,3,644,634,80,24
364,4,546,610,94,17
364,5,778,592,55,66
365,1,741,611,45,64
365,2,732,658,83,24
365,3,643,633,78,25
365,4,544,610,94,17
365,5,779,590,54,67
366,1,740,610,48,65
366,2,732,663,85,20
366,3,641,632,77,27
366,4,543,610,94,17
366,5,780,590,54,67
367,1,739,611,49,66
367,2,732,662,85,20
367,3,639,631,77,28
367,4,542,610,94,17
367,5,781,589,54,67
368,1,738,611,49,67
368,2,732,661,86,22
368,3,638,629,78,30
368,4,541,610,94,18
368,5,782,588,54,68
369,1,738,612,52,66
369,2,732,659,87,24
369,3,636,628,78,31
369,4,540,610,94,18
369,5,782,587,54,68
370,1,737,612,55,66
370,2,734,659,87,24
370,3,635,626,78,33
370,4,540,609,89,23
370,5,783,586,54,68
371,1,734,614,60,62
371,2,735,659,87,24
371,3,634,625,78,34
371,4,539,608,84,25
371,5,784,585,54,68
372,1,731,615,64,58
372,2,737,659,87,23
372,3,632,623,78,36
372,4,537,608,84,29
372,5,785,584,54,68
373,1,729,618,61,54
373,2,739,659,87,23
373,3,630,623,75,34
373,4,535,604,84,35
373,5,785,583,54,68
374,1,727,620,58,50
374,2,740,659,87,23
374,3,627,623,73,33
374,4,533,604,84,36
374,5,786,582,54,68
375,1,726,624,61,45
375,2,741,659,87,22
375,3,626,621,73,34
375,4,531,604,83,38
375,5,786,581,54,68
376,1,724,629,64,40
376,2,742,659,88,22
376,3,625,618,73,36
376,4,530,604,82,40
376,5,787,580,55,68
377,1,723,631,67,37
377,2,743,659,89,22
377,3,623,620,73,34
377,4,528,603,82,42
377,5,787,580,56,68
378,1,722,634,70,34
378,2,745,661,88,20
378,3,621,622,73,31
378,4,526,602,82,45
378,5,788,579,55,68
379,1,720,638,74,30
379,2,747,662,87,18
379,3,620,623,75,30
379,4,525,600,82,49
379,5,789,578,54,68
380,1,719,642,77,26
380,2,749,662,86,18
380,3,618,624,78,30
380,4,523,598,82,52
380,5,790,577,54,68
381,1,718,642,79,26
381,2,750,662,86,18
381,3,617,625,78,28
381,4,522,596,80,56
381,5,791,576,54,68
382,1,716,643,82,25
382,2,751,662,86,18
382,3,615,626,78,27
382,4,520,595,77,59
382,5,792,574,52,68
383,1,715,642,84,26
383,2,752,661,86,18
383,3,614,630,79,24
383,4,519,594,76,61
383,5,793,571,51,68
384,1,713,641,85,27
384,2,753,661,86,19
384,3,612,633,80,22
384,4,517,593,75,63
384,5,793,569,51,63
385,1,712,640,85,28
385,2,754,660,86,19
385,3,610,633,81,21
385,4,516,593,74,65
385,5,793,566,51,59
386,1,711,640,86,28
386,2,755,660,87,19
386,3,609,633,81,21
386,4,515,592,72,67
386,5,799,564,43,60
387,1,710,639,86,30
387,2,756,660,87,19
387,3,608,633,81,22
387,4,514,592,71,68
387,5,804,562,36,61
388,1,708,638,86,32
388,2,757,660,87,19
388,3,607,633,81,23
388,4,513,592,70,70
388,5,808,560,33,64
389,1,707,638,88,32
389,2,757,659,88,19
389,3,606,632,81,24
389,4,512,593,69,70
389,5,811,559,31,67
390,1,706,637,90,33
390,2,759,659,88,20
390,3,604,631,80,25
390,4,511,594,68,69
390,5,810,557,32,69
391,1,705,636,87,33
391,2,760,659,87,20
391,3,604,631,79,26
391,4,509,595,68,69
391,5,808,555,34,72
392,1,704,636,84,37
392,2,762,660,87,19
392,3,604,630,78,27
392,4,506,595,69,67
392,5,807,554,37,72
393,1,703,635,85,38
393,2,763,661,87,18
393,3,605,629,76,27
393,4,503,595,66,61
393,5,805,552,40,73
394,1,702,635,85,38
394,2,763,660,87,18
394,3,606,629,73,27
394,4,508,602,57,55
394,5,804,550,43,72
395,1,701,634,85,39
395,2,764,660,88,19
395,3,609,624,63,32
395,4,512,610,47,49
395,5,802,549,46,71
396,1,700,634,85,39
396,2,764,659,88,19
396,3,611,618,53,36
396,4,514,602,44,60
396,5,801,547,49,71
397,1,699,634,85,39
397,2,764,659,89,20
397,3,612,614,47,39
397,4,515,595,41,71
397,5,799,546,51,70
398,1,698,633,85,39
398,2,766,659,88,20
398,3,613,610,40,42
398,4,515,588,39,79
398,5,798,544,52,70
399,1,697,632,84,38
399,2,767,658,87,20
399,3,612,607,36,45
399,4,514,581,36,86
399,5,797,542,54,70
400,1,697,632,84,36
400,2,768,658,87,20
400,3,612,604,31,47
400,4,514,574,41,88
400,5,796,541,54,69
401,1,696,632,84,34
401,2,768,658,88,20
401,3,610,600,35,52
401,4,513,568,46,90
401,5,795,540,54,69
402,1,695,632,84,34
402,2,769,658,88,20
402,3,607,596,40,56
402,4,513,563,50,90
402,5,794,539,55,68
403,1,694,632,84,34
403,2,770,658,87,20
403,3,606,594,43,59
403,4,513,558,53,88
403,5,792,537,55,68
404,1,693,631,85,33
404,2,771,658,87,20
404,3,605,592,45,61
404,4,513,553,56,85
404,5,791,536,56,67
405,1,692,631,86,31
405,2,772,658,87,20
405,3,605,592,46,63
405,4,515,548,59,84
405,5,790,535,57,67
406,1,691,631,87,29
406,2,773,659,87,19
406,3,605,591,47,64
406,4,516,543,61,83
406,5,786,537,56,62
407,1,690,630,88,28
407,2,774,659,87,19
407,3,604,592,50,62
407,4,518,540,63,79
407,5,782,539,55,57
408,1,690,630,88,28
408,2,774,660,88,19
408,3,602,593,53,60
408,4,520,536,64,76
408,5,781,539,53,52
409,1,689,629,87,27
409,2,774,660,88,20
409,3,603,594,54,58
409,4,521,533,67,76
409,5,779,539,50,47
410,1,688,629,88,27
410,2,779,659,80,25
410,3,604,595,55,55
410,4,521,529,69,75
410,5,778,538,54,41
411,1,687,628,88,26
411,2,785,657,72,29
411,3,608,597,53,54
411,4,524,526,70,73
411,5,776,537,58,35
412,1,687,628,88,26
412,2,787,654,71,32
412,3,611,598,51,52
412,4,526,523,71,71
412,5,773,536,61,38
413,1,686,628,88,26
413,2,790,651,70,35
413,3,609,600,54,51
413,4,529,520,72,71
413,5,770,535,64,40
414,1,686,628,88,26
414,2,792,648,68,37
414,3,607,603,58,49
414,4,532,517,73,71
414,5,768,534,65,43
415,1,685,628,88,26
415,2,795,645,65,40
415,3,605,607,62,45
415,4,534,515,73,70
415,5,765,532,66,46
416,1,685,627,88,26
416,2,796,643,64,42
416,3,603,611,65,41
416,4,537,512,74,69
416,5,763,531,64,49
417,1,684,627,88,26
417,2,797,641,63,44
417,3,606,611,66,40
417,4,539,509,75,69
417,5,761,529,62,52
418,1,683,626,88,26
418,2,797,640,64,45
418,3,608,611,67,39
418,4,541,506,76,68
418,5,759,530,61,54
419,1,683,626,88,26
419,2,797,639,64,45
419,3,611,609,68,40
419,4,544,504,76,67
419,5,757,530,59,55
420,1,682,625,88,26
420,2,797,638,64,46
420,3,613,607,69,42
420,4,546,502,77,66
420,5,755,532,60,55
421,1,681,625,88,26
421,2,797,637,64,47
421,3,617,609,68,40
421,4,549,500,78,65
421,5,752,534,60,55
422,1,681,625,88,26
422,2,798,637,64,47
422,3,620,610,68,39
422,4,551,497,78,64
422,5,751,536,60,55
423,1,680,624,88,26
423,2,799,636,63,48
423,3,620,613,70,36
423,4,554,495,78,64
423,5,749,537,60,55
424,1,679,624,88,26
424,2,799,636,63,48
424,3,619,616,73,34
424,4,557,493,78,64
424,5,748,539,60,55
425,1,679,624,88,26
425,2,799,636,63,48
425,3,619,618,75,32
425,4,560,491,78,64
425,5,746,541,60,54
426,1,679,623,88,26
426,2,799,636,63,48
426,3,619,620,76,31
426,4,562,488,78,64
426,5,744,542,60,54
427,1,679,622,88,26
427,2,799,635,63,48
427,3,621,621,77,30
427,4,565,487,77,63
427,5,743,544,60,54
428,1,680,618,83,30
428,2,800,635,62,49
428,3,623,621,77,29
428,4,568,486,77,62
428,5,741,545,61,54
429,1,682,614,79,34
429,2,801,634,61,49
429,3,625,621,77,29
429,4,570,484,77,61
429,5,740,547,62,53
430,1,682,612,74,37
430,2,801,633,61,50
430,3,627,620,76,29
430,4,572,483,77,61
430,5,737,548,61,53
431,1,682,609,70,41
431,2,801,632,61,52
431,3,630,617,75,30
431,4,575,481,78,60
431,5,735,548,59,53
432,1,682,608,69,43
432,2,802,631,60,52
432,3,633,616,72,31
432,4,577,479,78,60
432,5,733,548,57,55
433,1,681,606,68,46
433,2,802,631,60,52
433,3,637,614,69,32
433,4,579,478,78,60
433,5,732,547,54,57
434,1,680,604,68,49
434,2,803,631,60,52
434,3,639,615,67,31
434,4,581,476,79,60
434,5,730,551,56,55
435,1,679,603,68,51
435,2,803,630,60,53
435,3,642,615,65,31
435,4,583,474,79,60
435,5,728,554,59,53
436,1,679,602,67,53
436,2,803,630,60,53
436,3,642,619,70,27
436,4,585,473,80,60
436,5,727,558,61,51
437,1,678,600,65,56
437,2,803,629,60,54
437,3,642,623,74,23
437,4,587,471,80,60
437,5,725,561,63,50
438,1,678,599,64,59
438,2,804,628,60,55
438,3,642,627,75,20
438,4,589,470,80,60
438,5,723,563,63,49
439,1,677,598,63,62
439,2,804,627,59,56
439,3,643,631,75,16
439,4,591,469,80,58
439,5,721,565,63,49
440,1,676,596,62,64
440,2,805,626,58,57
440,3,644,629,75,19
440,4,593,468,80,57
440,5,720,566,61,50
441,1,675,595,60,67
441,2,806,624,57,59
441,3,645,628,75,21
441,4,595,466,80,56
441,5,718,566,59,51
442,1,674,594,59,69
442,2,806,623,58,60
442,3,648,627,73,22
442,4,597,465,80,56
442,5,716,566,59,52
443,1,673,592,59,71
443,2,806,622,58,61
443,3,650,625,70,23
443,4,599,464,80,55
443,5,715,566,59,53
444,1,673,592,59,71
444,2,807,622,57,61
444,3,651,625,71,21
444,4,601,462,80,54
444,5,713,567,58,54
445,1,672,591,59,72
445,2,807,621,57,61
445,3,651,625,72,20
445,4,603,461,81,54
445,5,712,568,57,54
446,1,671,590,57,73
446,2,807,621,58,61
446,3,654,624,71,19
446,4,604,459,82,54
446,5,711,569,57,54
447,1,670,588,56,75
447,2,806,620,60,61
447,3,656,624,69,18
447,4,606,459,81,53
447,5,710,570,56,54
448,1,670,587,56,75
448,2,809,623,57,53
448,3,656,622,71,20
448,4,608,458,81,53
448,5,708,571,56,54
449,1,669,586,56,75
449,2,812,629,51,44
449,3,656,620,72,22
449,4,610,457,82,52
449,5,706,572,56,54
450,1,669,585,54,74
450,2,815,631,46,39
450,3,658,620,72,22
450,4,611,455,82,52
450,5,705,573,56,54
451,1,668,584,52,73
451,2,818,630,46,40
451,3,659,620,71,22
451,4,613,454,82,52
451,5,704,574,55,54
452,1,667,583,51,74
452,2,820,628,47,40
452,3,663,621,68,21
452,4,615,453,82,52
452,5,703,575,55,54
453,1,667,582,50,75
453,2,818,626,51,40
453,3,667,621,65,21
453,4,617,452,82,52
453,5,702,575,54,54
454,1,667,582,49,75
454,2,816,623,54,39
454,3,668,620,66,22
454,4,618,451,82,52
454,5,702,574,54,54
455,1,666,581,48,75
455,2,813,623,59,38
455,3,668,619,66,24
455,4,621,450,81,52
455,5,702,574,53,54
456,1,666,580,48,76
456,2,811,623,64,37
456,3,671,617,66,26
456,4,623,449,80,51
456,5,702,574,54,54
457,1,665,578,48,77
457,2,808,627,69,33
457,3,673,615,65,28
457,4,623,447,83,52
457,5,702,574,55,54
458,1,664,578,48,77
458,2,806,630,74,29
458,3,675,615,64,28
458,4,625,446,82,52
458,5,702,576,56,52
459,1,664,577,47,78
459,2,803,631,78,27
459,3,678,615,63,28
459,4,627,446,82,52
459,5,702,578,56,50
460,1,663,576,46,78
460,2,800,632,82,25
460,3,679,617,62,26
460,4,630,448,84,46
460,5,702,581,56,48
461,1,663,575,45,79
461,2,797,631,83,25
461,3,680,616,63,28
461,4,637,450,79,47
461,5,701,583,56,46
462,1,663,574,44,79
462,2,794,630,84,26
462,3,681,617,63,27
462,4,642,450,77,47
462,5,702,585,54,45
463,1,662,573,44,79
463,2,792,630,85,27
463,3,679,617,66,27
463,4,647,450,75,47
463,5,702,586,52,44
464,1,662,573,44,79
464,2,790,630,85,28
464,3,679,615,69,26
464,4,650,450,76,43
464,5,703,585,50,46
465,1,661,572,44,80
465,2,788,629,86,29
465,3,682,610,68,30
465,4,652,449,77,38
465,5,703,585,49,47
466,1,661,571,44,81
466,2,786,628,86,29
466,3,684,605,67,34
466,4,651,449,80,35
466,5,703,584,48,48
467,1,660,570,43,82
467,2,783,628,86,27
467,3,686,606,66,33
467,4,651,449,84,32
467,5,703,582,47,50
468,1,660,570,42,81
468,2,781,627,85,26
468,3,688,607,66,32
468,4,652,449,85,27
468,5,703,581,46,52
469,1,662,568,41,73
469,2,779,627,85,25
469,3,688,609,68,31
469,4,652,449,87,22
469,5,703,579,44,54
470,1,664,566,40,66
470,2,777,626,85,23
470,3,688,611,69,30
470,4,654,449,89,21
470,5,703,578,43,55
471,1,663,566,38,62
471,2,775,626,85,22
471,3,688,613,71,27
471,4,655,449,91,19
471,5,703,577,42,55
472,1,662,565,36,59
472,2,772,625,85,21
472,3,688,614,72,25
472,4,657,449,91,20
472,5,703,576,42,57
473,1,662,564,33,61
473,2,771,625,85,21
473,3,688,616,74,23
473,4,659,448,91,21
473,5,702,575,42,58
474,1,661,563,30,63
474,2,769,624,85,21
474,3,688,617,75,21
474,4,661,447,91,23
474,5,702,575,41,59
475,1,659,562,32,66
475,2,768,624,85,21
475,3,689,618,76,20
475,4,664,446,91,25
475,5,702,574,40,60
476,1,658,560,35,69
476,2,766,623,85,21
476,3,690,618,76,20
476,4,666,445,91,26
476,5,701,574,40,61
477,1,658,558,36,71
477,2,764,623,85,21
477,3,691,618,75,20
477,4,669,445,91,26
477,5,700,574,40,62
478,1,657,556,38,73
478,2,762,623,85,21
478,3,692,618,75,21
478,4,672,445,90,27
478,5,700,574,39,62
479,1,655,555,41,73
479,2,761,623,85,21
479,3,693,618,75,21
479,4,674,444,90,28
479,5,701,574,38,62
480,1,653,553,44,73
480,2,759,622,85,22
480,3,694,617,75,22
480,4,677,444,90,28
480,5,701,574,36,63
481,1,652,552,47,72
481,2,758,621,85,23
481,3,695,616,75,23
481,4,679,444,89,28
481,5,701,574,36,64
482,1,650,550,49,71
482,2,756,621,85,24
482,3,696,615,75,25
482,4,681,444,89,29
482,5,701,575,35,64
483,1,650,549,51,71
483,2,755,621,85,24
483,3,697,615,75,24
483,4,684,444,89,29
483,5,699,574,37,64
484,1,649,547,52,70
484,2,754,620,85,24
484,3,698,615,75,24
484,4,686,444,89,29
484,5,700,576,33,65
485,1,650,546,53,69
485,2,753,620,84,24
485,3,700,615,74,24
485,4,688,445,89,29
485,5,700,576,33,65
486,1,650,544,54,67
486,2,751,620,84,24
486,3,701,616,74,24
486,4,690,445,89,29
486,5,699,576,32,65
487,1,651,543,54,67
487,2,749,620,84,24
487,3,701,616,75,24
487,4,692,446,89,29
487,5,699,576,31,66
488,1,651,541,54,67
488,2,748,620,84,24
488,3,708,616,69,25
488,4,693,446,89,30
488,5,699,576,30,67
489,1,652,540,54,67
489,2,746,619,85,24
489,3,715,616,63,25
489,4,695,446,89,30
489,5,699,576,30,68
490,1,653,538,54,67
490,2,746,619,85,25
490,3,715,615,64,26
490,4,697,446,89,30
490,5,699,576,30,68
491,1,654,540,56,62
491,2,745,619,85,25
491,3,715,614,65,27
491,4,699,447,89,30
491,5,699,576,29,68
492,1,655,542,57,58
492,2,744,619,85,25
492,3,715,613,66,28
492,4,700,447,90,30
492,5,698,576,29,68
493,1,661,541,54,58
493,2,743,618,85,25
493,3,715,613,67,28
493,4,703,447,89,30
493,5,698,577,28,68
494,1,667,540,51,58
494,2,742,618,85,25
494,3,715,612,67,29
494,4,705,447,88,30
494,5,698,577,28,68
495,1,663,539,58,53
495,2,741,618,85,25
495,3,715,612,68,29
495,4,706,448,89,30
495,5,698,577,28,69
496,1,659,539,64,48
496,2,740,618,84,25
496,3,715,611,69,30
496,4,707,448,89,31
496,5,697,577,29,69
497,1,657,538,69,44
497,2,739,617,83,26
497,3,715,610,70,31
497,4,709,448,89,31
497,5,696,578,30,69
498,1,656,538,74,41
498,2,739,617,83,26
498,3,716,610,70,31
498,4,711,449,89,31
498,5,695,578,30,69
499,1,657,538,76,36
499,2,738,617,83,26
499,3,717,609,70,32
499,4,712,449,90,31
499,5,693,578,31,67
500,1,657,537,78,32
500,2,736,618,80,26
500,3,718,609,68,32
500,4,713,450,90,31
500,5,690,578,32,65
501,1,660,537,77,29
501,2,735,619,77,27
501,3,719,609,67,32
501,4,715,450,90,31
501,5,688,581,35,62
502,1,663,536,77,27
502,2,734,618,76,29
502,3,721,609,66,31
502,4,717,450,89,31
502,5,686,583,39,60
503,1,666,536,77,27
503,2,733,617,75,32
503,3,722,610,66,31
503,4,718,451,89,31
503,5,685,584,41,60
504,1,668,535,77,27
504,2,731,617,72,29
504,3,723,610,66,30
504,4,720,451,89,31
504,5,683,584,44,60
505,1,671,535,77,27
505,2,728,617,70,26
505,3,724,610,66,30
505,4,724,453,84,35
505,5,682,586,47,59
506,1,673,534,77,27
506,2,726,615,71,28
506,3,722,611,68,30
506,4,727,454,79,38
506,5,681,587,49,59
507,1,676,534,77,27
507,2,724,613,73,31
507,3,719,611,71,30
507,4,730,452,76,42
507,5,680,589,52,58
508,1,678,533,77,27
508,2,722,613,74,33
508,3,719,611,72,29
508,4,733,451,74,46
508,5,679,590,55,57
509,1,681,532,77,27
509,2,720,613,75,34
509,3,719,611,73,27
509,4,737,450,71,50
509,5,678,592,57,56
510,1,683,532,77,27
510,2,718,611,75,37
510,3,722,608,72,29
510,4,741,449,68,53
510,5,677,593,58,54
511,1,685,532,77,27
511,2,717,609,75,39
511,3,725,605,71,30
511,4,744,448,66,56
511,5,676,595,60,53
512,1,687,532,77,27
512,2,715,608,74,41
512,3,727,603,70,32
512,4,747,446,63,60
512,5,674,596,62,51
513,1,690,530,76,29
513,2,713,607,72,43
513,3,730,601,69,33
513,4,750,445,61,63
513,5,672,596,62,49
514,1,692,528,76,32
514,2,713,605,71,46
514,3,728,604,73,30
514,4,753,444,59,66
514,5,670,595,62,47
515,1,693,527,77,32
515,2,712,604,71,48
515,3,727,607,76,26
515,4,756,443,57,69
515,5,669,596,60,46
516,1,695,527,77,32
516,2,714,605,65,50
516,3,727,609,78,24
516,4,759,442,56,72
516,5,667,597,59,45
517,1,697,526,77,33
517,2,716,610,58,49
517,3,727,611,79,22
517,4,763,442,53,74
517,5,665,602,62,39
518,1,699,525,77,34
518,2,718,612,55,49
518,3,739,614,68,21
518,4,766,441,50,76
518,5,663,606,65,34
519,1,701,524,77,34
519,2,720,614,52,48
519,3,752,616,57,19
519,4,769,442,48,77
519,5,662,609,68,32
520,1,702,523,77,34
520,2,720,612,44,52
520,3,744,613,66,23
520,4,772,442,46,79
520,5,660,612,70,29
521,1,704,523,77,33
521,2,719,609,36,56
521,3,737,609,75,27
521,4,774,442,44,81
521,5,659,615,72,24
522,1,705,522,78,32
522,2,718,607,32,57
522,3,739,610,74,26
522,4,776,443,43,82
522,5,657,619,74,19
523,1,706,522,79,29
523,2,717,605,27,59
523,3,740,611,73,25
523,4,779,444,41,81
523,5,655,619,77,20
524,1,707,522,79,27
524,2,717,603,28,62
524,3,741,611,72,29
524,4,780,446,41,81
524,5,653,620,79,20
525,1,708,522,80,27
525,2,716,601,30,65
525,3,741,611,70,32
525,4,782,448,41,81
525,5,652,619,79,21
526,1,709,521,80,27
526,2,715,601,34,65
526,3,747,609,61,35
526,4,784,449,41,82
526,5,651,619,79,23
527,1,710,521,80,27
527,2,714,601,37,65
527,3,753,606,53,38
527,4,785,450,42,82
527,5,650,619,75,23
528,1,711,521,80,27
528,2,713,602,37,65
528,3,758,602,46,41
528,4,784,453,42,83
528,5,648,619,70,23
529,1,713,520,80,27
529,2,711,603,40,64
529,3,763,597,39,44
529,4,783,457,42,83
529,5,648,619,71,23
530,1,714,520,80,27
530,2,708,603,43,64
530,3,766,594,36,48
530,4,782,463,42,81
530,5,647,619,72,23
531,1,716,519,80,27
531,2,705,603,45,64
531,3,768,591,33,51
531,4,781,469,43,80
531,5,646,619,74,23
532,1,717,519,80,27
532,2,704,604,47,63
532,3,771,589,31,54
532,4,784,473,40,80
532,5,644,619,75,23
533,1,719,519,80,27
533,2,702,605,49,62
533,3,773,587,29,56
533,4,787,476,37,81
533,5,644,619,75,24
534,1,720,519,80,27
534,2,706,606,48,59
534,3,774,584,29,59
534,4,793,478,32,82
534,5,644,620,74,25
535,1,721,519,80,27
535,2,710,607,47,56
535,3,775,582,28,61
535,4,798,480,26,84
535,5,646,619,68,27
536,1,722,519,80,27
536,2,712,608,47,52
536,3,774,579,29,64
536,4,802,480,22,87
536,5,648,617,62,30
537,1,723,519,80,27
537,2,715,609,47,48
537,3,774,576,30,66
537,4,806,480,18,91
537,5,649,616,58,31
538,1,724,519,80,27
538,2,714,616,50,41
538,3,773,575,31,68
538,4,806,483,19,91
538,5,649,614,54,33
539,1,725,518,80,27
539,2,713,622,53,34
539,3,773,573,31,70
539,4,806,485,19,91
539,5,650,611,51,35
540,1,726,518,80,27
540,2,710,626,58,30
540,3,773,572,31,70
540,4,805,488,21,91
540,5,651,608,47,37
541,1,727,517,80,27
541,2,706,631,63,26
541,3,772,571,31,71
541,4,804,490,22,92
541,5,651,606,44,39
542,1,729,517,80,27
542,2,706,629,66,28
542,3,772,571,30,71
542,4,803,494,24,92
542,5,651,604,41,41
543,1,730,517,80,27
543,2,705,627,69,30
543,3,772,570,28,71
543,4,802,496,25,92
543,5,651,602,42,42
544,1,731,517,80,27
544,2,707,627,69,33
544,3,772,570,29,72
544,4,802,498,27,92
544,5,650,600,43,44
545,1,732,517,80,27
545,2,709,626,69,36
545,3,772,569,29,72
545,4,801,500,28,92
545,5,649,600,45,45
546,1,733,517,80,27
546,2,714,624,67,37
546,3,772,570,29,72
546,4,800,502,29,92
546,5,648,599,46,46
547,1,734,516,80,27
547,2,715,624,66,37
547,3,772,570,30,72
547,4,800,505,29,91
547,5,649,596,46,48
548,1,736,516,79,28
548,2,716,623,66,36
548,3,772,570,30,72
548,4,799,507,30,91
548,5,650,594,46,50
549,1,737,516,78,28
549,2,718,623,65,34
549,3,772,570,30,72
549,4,798,511,30,90
549,5,648,598,46,46
550,1,740,516,77,28
550,2,720,622,65,32
550,3,772,570,30,72
550,4,797,514,31,89
550,5,646,601,46,42
551,1,743,516,75,28
551,2,722,622,65,29
551,3,771,570,30,72
551,4,797,516,32,89
551,5,645,601,41,40
552,1,745,518,76,24
552,2,723,622,65,26
552,3,771,570,30,72
552,4,796,517,33,89
552,5,643,600,36,39
553,1,746,520,76,21
553,2,723,622,65,24
553,3,771,570,30,72
553,4,796,520,33,89
553,5,643,598,38,40
554,1,748,521,74,21
554,2,723,622,66,21
554,3,771,570,30,72
554,4,795,522,34,89
554,5,643,597,41,40
555,1,750,522,72,21
555,2,725,620,63,24
555,3,771,570,30,72
555,4,795,525,33,87
555,5,642,595,44,41
556,1,752,522,74,21
556,2,727,618,61,27
556,3,771,570,30,72
556,4,794,527,33,87
556,5,640,593,48,42
557,1,754,522,75,20
557,2,732,615,57,28
557,3,771,569,30,72
557,4,793,529,34,87
557,5,639,592,52,42
558,1,755,522,76,18
558,2,737,611,52,29
558,3,771,569,30,72
558,4,793,530,34,87
558,5,637,590,55,43
559,1,756,522,76,16
559,2,738,610,53,29
559,3,770,569,30,72
559,4,792,532,34,87
559,5,636,593,59,41
560,1,758,522,75,16
560,2,739,609,54,29
560,3,770,568,30,72
560,4,791,534,35,87
560,5,634,595,63,39
561,1,759,522,75,16
561,2,739,608,55,30
561,3,769,568,31,71
561,4,790,537,35,86
561,5,631,598,67,37
562,1,761,522,76,16
562,2,739,608,56,31
562,3,764,569,33,68
562,4,790,539,35,86
562,5,629,600,71,34
563,1,762,522,76,17
563,2,741,606,56,33
563,3,759,569,36,66
563,4,790,540,36,86
563,5,629,605,73,30
564,1,763,521,76,19
564,2,742,604,57,35
564,3,756,575,41,59
564,4,789,542,36,86
564,5,629,610,75,25
565,1,765,520,76,20
565,2,743,604,57,35
565,3,753,580,46,52
565,4,789,544,36,86
565,5,632,608,74,28
566,1,766,519,76,21
566,2,745,604,56,35
566,3,751,583,48,49
566,4,787,545,38,86
566,5,634,605,74,31
567,1,768,519,75,22
567,2,744,604,58,36
567,3,749,585,51,47
567,4,786,547,39,86
567,5,639,602,72,32
568,1,769,518,75,23
568,2,744,604,60,36
568,3,747,599,49,34
568,4,786,549,39,85
568,5,644,600,70,33
569,1,770,517,75,25
569,2,744,605,60,35
569,3,745,613,46,22
569,4,786,550,39,85
569,5,645,603,72,30
570,1,773,518,70,30
570,2,744,606,61,34
570,3,744,613,47,23
570,4,787,553,39,84
570,5,647,606,73,27
571,1,776,519,64,34
571,2,746,607,61,33
571,3,743,613,49,24
571,4,788,555,39,84
571,5,648,611,75,24
572,1,782,517,56,39
572,2,747,608,60,33
572,3,742,612,50,26
572,4,788,557,39,84
572,5,649,615,76,20
573,1,788,514,48,45
573,2,748,609,60,32
573,3,740,612,52,27
573,4,788,559,39,84
573,5,652,616,77,20
574,1,791,512,45,49
574,2,749,610,60,31
574,3,739,611,54,29
574,4,788,560,39,84
574,5,654,617,78,20
575,1,794,510,43,53
575,2,750,610,61,32
575,3,737,609,56,31
575,4,788,561,39,85
575,5,657,617,78,20
576,1,798,507,38,59
576,2,750,610,62,32
576,3,737,609,56,31
576,4,788,562,37,86
576,5,659,618,78,20
577,1,802,504,34,64
577,2,750,610,63,32
577,3,736,609,56,31
577,4,788,563,36,86
577,5,662,618,77,21
578,1,806,503,30,68
578,2,750,611,64,31
578,3,736,609,57,33
578,4,788,564,34,87
578,5,664,617,77,21
579,1,810,501,26,72
579,2,751,611,64,32
579,3,735,608,59,34
579,4,787,564,32,87
579,5,666,617,75,22
580,1,814,501,22,74
580,2,751,611,64,32
580,3,733,608,60,35
580,4,787,565,31,87
580,5,668,616,73,22
581,1,818,500,18,76
581,2,752,611,64,32
581,3,731,607,62,36
581,4,787,566,29,87
581,5,670,616,76,24
582,1,821,501,16,77
582,2,752,611,64,32
582,3,731,607,63,37
582,4,787,567,28,88
582,5,672,615,79,27
583,1,823,502,13,78
583,2,753,611,64,32
583,3,730,606,64,38
583,4,786,567,27,89
583,5,674,615,78,27
584,1,823,504,13,78
584,2,754,611,64,32
584,3,729,605,65,39
584,4,786,568,25,90
584,5,677,615,78,27
585,1,822,506,13,78
585,2,755,611,63,32
585,3,728,605,66,40
585,4,786,568,24,90
585,5,679,616,77,26
586,1,822,508,13,78
586,2,756,611,63,32
586,3,727,603,67,41
586,4,786,569,23,91
586,5,681,616,76,26
587,1,822,510,14,78
587,2,757,611,63,33
587,3,725,601,68,42
587,4,786,570,22,91
587,5,683,617,77,26
588,1,818,513,18,75
588,2,758,611,63,33
588,3,724,600,68,44
588,4,786,570,21,91
588,5,685,617,77,26
589,1,814,516,23,72
589,2,760,611,62,33
589,3,722,599,68,45
589,4,786,571,21,91
589,5,689,617,75,25
590,1,811,519,27,70
590,2,761,611,61,33
590,3,722,599,68,45
590,4,783,571,22,90
590,5,692,617,74,24
591,1,808,521,31,68
591,2,762,611,61,33
591,3,722,599,68,45
591,4,781,571,24,89
591,5,694,616,74,27
592,1,806,524,34,66
592,2,763,611,60,34
592,3,720,601,69,44
592,4,777,572,30,86
592,5,697,614,73,29
593,1,804,527,37,64
593,2,764,611,61,34
593,3,719,602,69,41
593,4,773,572,36,83
593,5,700,615,72,29
594,1,802,530,40,63
594,2,764,611,61,34
594,3,718,603,70,39
594,4,770,577,41,75
594,5,703,615,70,29
595,1,799,532,42,61
595,2,766,611,59,35
595,3,718,603,68,39
595,4,767,582,46,67
595,5,704,617,71,25
596,1,798,534,45,61
596,2,768,611,58,35
596,3,717,602,66,40
596,4,765,587,50,60
596,5,705,619,72,21
597,1,797,536,47,60
597,2,769,611,58,35
597,3,716,604,66,38
597,4,763,591,54,54
597,5,705,622,73,17
598,1,795,539,51,59
598,2,769,611,58,35
598,3,715,605,66,37
598,4,762,594,58,51
598,5,705,625,73,13
599,1,794,541,54,58
599,2,769,611,59,35
599,3,714,608,67,35
599,4,760,597,61,48
599,5,705,627,64,12
600,1,792,544,56,56
600,2,769,611,59,35
600,3,713,611,68,32
600,4,759,599,64,45
600,5,706,628,54,11
601,1,791,547,58,55
601,2,770,611,59,36
601,3,712,611,69,32
601,4,757,601,67,43
601,5,709,628,54,12
602,1,790,549,59,54
602,2,771,611,59,36
602,3,711,611,71,31
602,4,756,603,72,40
602,5,711,628,54,13
603,1,788,552,59,52
603,2,771,611,59,36
603,3,710,613,68,28
603,4,755,606,77,37
603,5,711,628,54,13
604,1,787,554,60,51
604,2,771,611,61,36
604,3,708,615,66,25
604,4,753,609,81,34
604,5,717,628,45,11
605,1,785,556,61,50
605,2,772,612,61,35
605,3,707,615,66,25
605,4,751,612,85,31
605,5,711,628,54,13
606,1,784,558,61,49
606,2,772,612,61,34
606,3,706,614,66,25
606,4,749,614,87,29
606,5,720,628,45,11
607,1,783,559,61,48
607,2,775,611,61,34
607,3,705,615,69,25
607,4,748,617,89,26
607,5,721,628,61,11
608,1,782,561,61,48
608,2,777,609,61,33
608,3,704,615,71,25
608,4,746,619,91,24
608,5,721,627,76,12
609,1,780,562,62,48
609,2,780,608,58,34
609,3,703,618,72,23
609,4,745,622,93,21
609,5,723,626,74,13
610,1,779,562,62,48
610,2,783,608,56,35
610,3,701,620,73,21
610,4,743,621,95,22
610,5,725,626,71,13
611,1,778,563,62,48
611,2,784,610,55,32
611,3,700,625,43,16
611,4,742,621,97,23
611,5,727,626,72,13
612,1,776,563,63,50
612,2,785,613,55,30
612,3,699,624,41,16
612,4,740,619,95,25
612,5,729,625,73,13
613,1,775,563,63,51
613,2,785,614,56,29
613,3,698,624,47,16
613,4,739,618,93,25
613,5,731,625,71,14
614,1,774,564,63,51
614,2,785,614,57,29
614,3,696,624,46,16
614,4,737,617,93,28
614,5,733,625,69,15
615,1,773,564,63,51
615,2,787,613,57,30
615,3,696,624,46,16
615,4,736,618,92,29
615,5,733,625,69,15
616,1,772,565,63,52
616,2,788,612,57,32
616,3,695,624,47,16
616,4,735,617,92,31
616,5,734,627,68,15
617,1,772,566,62,52
617,2,790,610,56,33
617,3,694,624,46,16
617,4,734,616,92,32
617,5,734,627,70,16
618,1,771,566,60,52
618,2,792,609,55,34
618,3,693,624,46,17
618,4,733,617,91,32
618,5,734,627,72,17
619,1,770,567,61,51
619,2,794,608,54,36
619,3,693,623,52,18
619,4,732,617,91,31
619,5,745,630,62,14
620,1,768,568,62,51
620,2,796,606,53,39
620,3,692,621,58,20
620,4,731,618,91,29
620,5,757,632,52,12
621,1,768,568,61,52
621,2,797,605,53,40
621,3,691,620,59,21
621,4,730,617,91,30
621,5,757,631,52,13
622,1,767,569,61,52
622,2,798,604,53,40
622,3,690,618,59,22
622,4,729,617,92,28
622,5,756,630,53,14
623,1,766,570,62,51
623,2,800,603,53,42
623,3,691,618,57,22
623,4,729,617,92,25
623,5,751,629,59,15
624,1,765,570,62,51
624,2,801,602,53,44
624,3,691,618,54,22
624,4,729,618,92,23
624,5,746,628,65,16
625,1,762,570,62,50
625,2,801,602,53,45
625,3,694,614,51,26
625,4,728,618,92,23
625,5,746,628,66,17
626,1,760,570,62,49
626,2,801,601,54,47
626,3,696,611,47,29
626,4,726,618,92,23
626,5,746,627,67,18
627,1,757,570,61,48
627,2,802,600,54,48
627,3,698,607,44,32
627,4,725,617,91,25
627,5,746,627,68,19
628,1,755,570,60,46
628,2,802,599,55,49
628,3,700,604,40,34
628,4,724,616,89,25
628,5,746,626,69,19
629,1,754,573,60,42
629,2,803,599,55,50
629,3,700,599,36,37
629,4,723,618,91,24
629,5,748,626,68,19
630,1,752,576,60,38
630,2,804,598,54,51
630,3,700,595,32,40
630,4,722,618,91,21
630,5,750,626,66,19
631,1,751,579,63,35
631,2,805,597,54,52
631,3,698,590,33,43
631,4,720,619,93,20
631,5,750,626,67,19
632,1,749,582,65,32
632,2,806,596,54,52
632,3,696,586,34,45
632,4,719,620,95,19
632,5,750,625,68,20
633,1,747,584,68,29
633,2,807,595,54,52
633,3,695,583,37,46
633,4,718,620,93,19
633,5,750,626,69,19
634,1,745,586,70,27
634,2,808,595,53,52
634,3,693,581,40,47
634,4,718,620,91,19
634,5,750,626,70,19
635,1,744,589,72,24
635,2,808,595,53,52
635,3,694,581,40,46
635,4,717,620,93,19
635,5,750,626,70,19
636,1,743,592,75,21
636,2,811,594,52,52
636,3,694,581,41,46
636,4,715,620,94,18
636,5,751,626,71,20
637,1,741,594,76,19
637,2,811,593,52,52
637,3,693,581,41,45
637,4,714,620,94,18
637,5,751,626,71,20
638,1,740,596,78,17
638,2,812,592,52,52
638,3,692,582,41,45
638,4,713,619,94,19
638,5,752,625,71,21
639,1,739,598,78,15
639,2,813,592,52,52
639,3,691,585,43,42
639,4,713,619,94,19
639,5,753,625,70,21
640,1,737,600,78,13
640,2,814,591,52,52
640,3,689,587,45,39
640,4,712,619,94,20
640,5,753,625,70,22
641,1,736,601,78,13
641,2,816,587,48,52
641,3,691,589,52,41
641,4,712,619,94,21
641,5,754,624,69,22
642,1,734,601,78,13
642,2,817,583,44,52
642,3,694,590,59,43
642,4,713,613,87,28
642,5,755,624,69,22
643,1,733,601,78,13
643,2,820,581,41,49
643,3,697,588,57,47
643,4,713,607,79,36
643,5,756,623,68,24
644,1,732,600,78,13
644,2,822,579,38,46
644,3,701,587,55,50
644,4,715,604,72,41
644,5,757,622,67,25
645,1,731,600,78,13
645,2,825,577,35,50
645,3,702,589,56,48
645,4,717,601,65,46
645,5,757,620,67,26
646,1,730,600,78,13
646,2,828,574,33,54
646,3,704,591,57,46
646,4,717,599,62,50
646,5,757,618,67,27
647,1,729,600,78,13
647,2,831,573,30,57
647,3,703,593,60,45
647,4,718,597,60,53
647,5,759,617,65,30
648,1,730,599,75,13
648,2,834,571,28,60
648,3,702,594,63,43
648,4,718,595,57,57
648,5,762,615,62,32
649,1,730,599,74,13
649,2,833,570,29,61
649,3,701,596,66,41
649,4,719,593,54,61
649,5,763,615,62,32
650,1,730,598,73,14
650,2,831,568,31,62
650,3,701,597,68,38
650,4,718,591,53,65
650,5,764,614,62,33
651,1,730,597,71,15
651,2,830,567,34,63
651,3,703,598,68,37
651,4,718,589,51,68
651,5,765,613,62,34
652,1,730,596,69,16
652,2,828,565,36,64
652,3,704,599,68,35
652,4,718,587,51,74
652,5,766,612,63,35
653,1,730,596,69,17
653,2,827,563,38,63
653,3,706,599,68,35
653,4,718,585,49,79
653,5,766,612,63,36
654,1,730,596,68,18
654,2,825,562,41,63
654,3,708,599,67,35
654,4,717,584,47,80
654,5,767,611,63,37
655,1,731,598,66,17
655,2,824,561,41,62
655,3,708,600,69,33
655,4,717,582,44,83
655,5,768,610,63,40
656,1,731,599,63,17
656,2,823,559,42,61
656,3,708,601,70,32
656,4,716,580,43,85
656,5,768,609,64,42
657,1,731,599,63,17
657,2,822,558,44,61
657,3,709,603,71,30
657,4,716,578,40,88
657,5,770,608,63,43
658,1,715,599,78,15
658,2,821,557,47,62
658,3,709,605,72,28
658,4,716,577,38,89
658,5,771,607,62,43
659,1,714,598,78,15
659,2,820,556,48,61
659,3,710,607,72,27
659,4,716,575,38,89
659,5,773,605,60,43
660,1,713,598,78,16
660,2,819,554,49,60
660,3,711,608,72,25
660,4,715,573,38,89
660,5,774,604,59,42
661,1,712,597,78,16
661,2,818,553,49,59
661,3,711,609,73,24
661,4,715,572,37,90
661,5,776,603,58,42
662,1,711,596,77,17
662,2,817,552,49,59
662,3,711,610,75,24
662,4,715,571,36,92
662,5,777,601,57,43
663,1,711,596,76,18
663,2,816,551,50,59
663,3,712,611,75,23
663,4,714,569,34,93
663,5,780,601,56,45
664,1,710,595,76,18
664,2,815,550,50,59
664,3,713,612,75,22
664,4,714,568,32,94
664,5,782,600,54,47
665,1,709,595,76,18
665,2,814,549,52,59
665,3,715,613,74,22
665,4,714,566,33,95
665,5,784,599,54,50
666,1,708,595,76,18
666,2,813,547,53,59
666,3,716,613,73,21
666,4,713,565,33,95
666,5,786,598,54,52
667,1,707,594,77,20
667,2,812,547,54,58
667,3,718,613,73,22
667,4,713,564,31,95
667,5,788,596,53,54
668,1,706,593,78,21
668,2,811,546,54,57
668,3,719,612,72,23
668,4,713,562,29,95
668,5,790,595,52,55
669,1,705,592,78,22
669,2,811,545,54,57
669,3,720,612,72,23
669,4,713,561,28,95
669,5,791,593,53,54
670,1,704,592,78,22
670,2,810,544,54,57
670,3,720,612,72,24
670,4,713,559,26,95
670,5,791,591,54,54
671,1,703,591,78,23
671,2,809,543,54,56
671,3,724,611,70,25
671,4,713,558,24,95
671,5,792,590,54,51
672,1,703,590,77,24
672,2,808,542,54,55
672,3,728,610,67,26
672,4,713,556,21,94
672,5,792,589,55,49
673,1,702,590,77,25
673,2,808,541,55,55
673,3,729,609,67,27
673,4,712,555,25,92
673,5,794,588,55,49
674,1,701,590,77,25
674,2,807,540,56,55
674,3,729,607,68,28
674,4,711,553,29,89
674,5,795,587,55,49
675,1,700,590,77,25
675,2,806,540,56,55
675,3,733,606,66,29
675,4,711,551,28,87
675,5,797,586,53,50
676,1,699,589,77,25
676,2,805,539,56,55
676,3,736,605,65,29
676,4,711,549,26,85
676,5,800,584,51,52
677,1,698,589,77,25
677,2,806,536,52,55
677,3,738,605,65,29
677,4,711,546,25,87
677,5,803,583,49,54
678,1,697,589,77,24
678,2,810,532,43,55
678,3,739,605,65,28
678,4,711,543,23,89
678,5,806,582,46,55
679,1,698,588,72,27
679,2,811,531,42,51
679,3,740,606,67,27
679,4,711,540,24,90
679,5,806,580,48,55
680,1,699,587,67,29
680,2,812,530,40,47
680,3,740,608,68,26
680,4,711,537,24,92
680,5,806,578,49,55
681,1,701,585,59,33
681,2,812,530,40,47
681,3,741,610,69,23
681,4,710,535,26,92
681,5,806,576,49,55
682,1,703,582,51,37
682,2,810,528,37,50
682,3,742,613,70,20
682,4,709,532,27,92
682,5,806,574,50,55
683,1,704,580,49,41
683,2,808,525,34,54
683,3,742,613,71,21
683,4,708,530,28,92
683,5,809,573,47,56
684,1,704,577,46,45
684,2,806,524,32,57
684,3,742,613,73,21
684,4,708,527,29,92
684,5,812,572,45,56
685,1,704,575,45,49
685,2,805,522,30,59
685,3,743,614,73,21
685,4,708,525,30,92
685,5,814,571,42,59
686,1,704,572,44,53
686,2,804,521,31,60
686,3,744,614,74,20
686,4,708,522,30,92
686,5,817,570,38,62
687,1,704,570,42,57
687,2,804,519,33,61
687,3,745,614,74,21
687,4,708,520,31,93
687,5,819,569,36,64
688,1,704,568,39,60
688,2,804,518,34,61
688,3,746,613,74,23
688,4,707,517,32,93
688,5,822,567,33,66
689,1,703,566,37,64
689,2,804,517,35,61
689,3,747,611,74,24
689,4,707,515,32,93
689,5,825,567,30,68
690,1,703,563,34,67
690,2,802,516,37,61
690,3,748,610,74,26
690,4,707,513,33,94
690,5,827,566,27,70
691,1,702,561,32,70
691,2,801,514,40,61
691,3,750,609,73,27
691,4,707,511,33,94
691,5,829,565,26,70
692,1,701,559,29,72
692,2,801,514,41,60
692,3,751,607,73,28
692,4,707,508,34,94
692,5,831,564,25,71
693,1,701,557,28,74
693,2,801,513,41,59
693,3,752,607,73,29
693,4,708,506,34,94
693,5,831,563,25,73
694,1,700,555,28,77
694,2,801,512,42,58
694,3,752,606,73,30
694,4,708,504,35,94
694,5,831,561,25,74
695,1,700,553,25,77
695,2,801,511,43,58
695,3,754,605,73,31
695,4,708,502,35,93
695,5,832,560,23,74
696,1,700,551,22,77
696,2,801,510,44,58
696,3,755,605,72,32
696,4,709,500,35,92
696,5,832,559,22,75
697,1,699,549,22,78
697,2,801,509,44,58
697,3,756,604,72,33
697,4,709,498,35,92
697,5,833,558,22,75
698,1,698,547,21,78
698,2,801,508,45,58
698,3,756,603,72,34
698,4,709,496,36,91
698,5,833,557,22,75
699,1,698,546,21,79
699,2,801,507,45,58
699,3,757,604,71,33
699,4,710,495,35,90
699,5,833,557,22,75
700,1,697,544,21,79
700,2,802,507,45,58
700,3,758,605,70,31
700,4,710,493,35,89
700,5,833,556,22,75
701,1,698,543,19,79
701,2,802,506,46,58
701,3,759,606,71,30
701,4,711,491,35,90
701,5,833,555,22,75
702,1,699,541,17,79
702,2,802,505,46,57
702,3,759,607,72,28
702,4,712,488,34,91
702,5,833,554,22,75
703,1,697,543,22,70
703,2,803,504,46,57
703,3,761,607,70,27
703,4,713,487,34,90
703,5,833,553,22,75
704,1,695,544,28,61
704,2,803,504,46,57
704,3,763,607,69,26
704,4,713,485,34,90
704,5,833,552,22,75
705,1,693,547,35,53
705,2,804,504,47,56
705,3,764,606,70,27
705,4,713,484,34,89
705,5,833,551,22,75
706,1,690,550,41,46
706,2,804,506,48,52
706,3,764,605,71,27
706,4,713,482,34,88
706,5,833,550,22,75
707,1,688,550,46,43
707,2,805,507,48,47
707,3,765,605,72,27
707,4,714,480,33,89
707,5,833,550,22,75
708,1,685,550,51,41
708,2,808,508,47,45
708,3,765,604,73,27
708,4,715,478,32,90
708,5,833,549,22,75
709,1,683,549,56,38
709,2,811,508,45,44
709,3,765,602,74,28
709,4,716,477,32,89
709,5,833,548,22,75
710,1,680,547,62,35
710,2,810,508,47,42
710,3,765,601,75,28
710,4,716,475,32,89
710,5,833,548,22,75
711,1,679,547,65,32
711,2,809,508,49,41
711,3,767,599,74,30
711,4,717,473,32,89
711,5,833,547,22,75
712,1,678,546,69,29
712,2,807,508,52,38
712,3,769,598,73,31
712,4,718,472,32,88
712,5,833,546,22,75
713,1,678,546,71,25
713,2,806,508,55,36
713,3,770,597,73,31
713,4,718,470,32,88
713,5,833,545,22,75
714,1,679,546,74,21
714,2,805,508,57,35
714,3,771,597,73,32
714,4,718,468,32,89
714,5,833,544,22,75
715,1,681,547,74,21
715,2,803,507,59,34
715,3,772,598,73,30
715,4,718,467,32,89
715,5,833,543,22,75
716,1,683,547,74,21
716,2,803,507,60,30
716,3,772,599,73,29
716,4,718,466,32,90
716,5,833,542,22,75
717,1,685,546,74,23
717,2,803,507,61,26
717,3,773,601,73,28
717,4,720,464,31,90
717,5,833,542,22,75
718,1,687,544,74,25
718,2,803,507,62,24
718,3,774,602,73,26
718,4,721,462,30,90
718,5,833,542,22,75
719,1,689,544,74,25
719,2,803,506,62,22
719,3,775,602,73,27
719,4,721,460,29,91
719,5,833,541,22,75
720,1,691,543,74,26
720,2,803,506,63,21
720,3,776,602,73,27
720,4,721,459,29,92
720,5,833,540,22,75
721,1,694,542,74,27
721,2,803,506,64,20
721,3,777,602,72,27
721,4,721,457,29,92
721,5,833,540,22,75
722,1,696,541,73,27
722,2,804,506,64,19
722,3,778,601,72,28
722,4,723,456,28,91
722,5,833,540,22,75
723,1,698,541,74,28
723,2,805,506,63,17
723,3,779,601,72,28
723,4,724,454,27,91
723,5,833,539,22,74
724,1,699,540,74,28
724,2,807,506,62,15
724,3,779,600,72,29
724,4,724,453,27,91
724,5,833,538,22,74
725,1,701,540,74,28
725,2,809,506,61,13
725,3,780,600,72,29
725,4,724,452,27,91
725,5,834,538,21,73
726,1,703,540,74,28
726,2,809,505,61,13
726,3,781,599,71,30
726,4,726,450,24,90
726,5,834,537,21,73
727,1,705,540,74,28
727,2,809,505,62,13
727,3,782,598,71,31
727,4,728,448,22,89
727,5,834,537,21,73
728,1,707,540,74,28
728,2,810,505,62,14
728,3,782,597,72,32
728,4,726,446,25,87
728,5,833,536,21,73
729,1,709,540,73,28
729,2,811,504,61,14
729,3,784,597,70,34
729,4,723,444,28,85
729,5,833,536,21,73
730,1,711,540,73,28
730,2,813,504,60,15
730,3,785,596,68,36
730,4,724,441,26,85
730,5,833,535,21,73
731,1,712,540,73,29
731,2,814,504,59,15
731,3,787,597,63,36
731,4,724,438,25,85
731,5,833,535,22,73
732,1,713,540,74,29
732,2,814,504,60,16
732,3,789,598,58,36
732,4,728,436,21,86
732,5,833,534,22,73
733,1,718,542,69,27
733,2,814,503,61,17
733,3,791,598,55,38
733,4,732,433,16,88
733,5,833,533,22,72
734,1,723,544,65,26
734,2,815,503,62,17
734,3,794,597,51,39
734,4,732,430,16,89
734,5,833,532,22,71
735,1,726,543,64,28
735,2,815,503,64,17
735,3,800,595,44,42
735,4,732,428,16,90
735,5,832,530,22,68
736,1,729,543,64,30
736,2,815,502,65,18
736,3,807,594,37,44
736,4,732,425,17,90
736,5,831,528,22,66
737,1,730,543,66,31
737,2,815,500,65,19
737,3,810,592,35,45
737,4,731,423,18,90
737,5,831,527,20,67
738,1,731,543,67,31
738,2,815,499,65,21
738,3,812,591,33,47
738,4,731,420,19,90
738,5,831,525,19,69
739,1,733,542,68,33
739,2,815,497,64,24
739,3,814,589,32,49
739,4,730,417,19,90
739,5,831,523,20,70
740,1,735,541,69,34
740,2,817,495,62,27
740,3,815,587,32,51
740,4,730,415,20,90
740,5,831,520,20,71
741,1,737,540,69,36
741,2,819,494,60,29
741,3,814,585,35,53
741,4,730,412,20,90
741,5,831,519,21,71
742,1,739,539,70,39
742,2,821,493,59,31
742,3,813,583,37,56
742,4,730,411,21,89
742,5,830,518,22,70
743,1,742,540,69,39
743,2,822,492,58,33
743,3,812,580,40,59
743,4,729,409,21,89
743,5,831,516,22,71
744,1,744,540,68,39
744,2,823,492,57,33
744,3,810,577,42,62
744,4,729,407,21,89
744,5,831,514,22,72
745,1,747,541,68,39
745,2,824,491,57,34
745,3,810,576,42,63
745,4,728,404,21,89
745,5,830,512,23,72
746,1,749,542,67,39
746,2,824,491,57,36
746,3,809,575,42,64
746,4,728,402,21,89
746,5,829,511,23,72
747,1,751,544,67,38
747,2,824,490,57,37
747,3,808,577,42,61
747,4,728,400,21,89
747,5,829,510,24,72
748,1,753,545,68,36
748,2,824,490,58,38
748,3,806,578,42,58
748,4,728,398,22,89
748,5,828,509,25,72
749,1,754,547,68,35
749,2,825,489,58,39
749,3,805,580,44,54
749,4,727,396,22,89
749,5,828,508,26,72
750,1,755,549,69,34
750,2,827,489,56,41
750,3,803,582,46,51
750,4,727,394,22,89
750,5,827,506,27,72
751,1,757,550,69,33
751,2,829,488,54,43
751,3,802,582,47,52
751,4,726,392,22,89
751,5,827,505,26,72
752,1,758,551,69,33
752,2,832,488,52,43
752,3,801,582,49,53
752,4,726,390,23,89
752,5,826,504,25,73
753,1,760,553,70,33
753,2,834,487,50,43
753,3,799,584,51,52
753,4,725,388,23,89
753,5,824,503,24,72
754,1,762,554,70,33
754,2,834,487,51,45
754,3,798,586,53,50
754,4,725,386,24,89
754,5,823,502,24,70
755,1,764,555,70,32
755,2,834,486,51,46
755,3,797,587,56,49
755,4,724,384,24,89
755,5,821,501,27,70
756,1,765,556,70,31
756,2,835,486,51,46
756,3,797,588,58,48
756,4,724,382,24,89
756,5,822,499,27,70
757,1,766,557,71,30
757,2,835,486,51,46
757,3,796,589,61,48
757,4,724,380,24,89
757,5,821,498,29,69
758,1,767,558,71,30
758,2,834,486,52,47
758,3,794,589,64,48
758,4,724,378,24,90
758,5,820,496,32,68
759,1,769,559,71,30
759,2,834,486,53,48
759,3,794,590,65,47
759,4,723,376,25,90
759,5,820,494,33,68
760,1,770,560,71,29
760,2,834,486,53,48
760,3,793,592,66,46
760,4,723,375,25,89
760,5,821,493,32,68
761,1,772,561,71,29
761,2,833,486,54,48
761,3,792,592,67,46
761,4,722,373,24,89
761,5,822,492,28,67
762,1,773,561,71,29
762,2,833,486,54,48
762,3,791,593,68,47
762,4,722,371,24,89
762,5,823,490,25,69
763,1,775,562,72,29
763,2,833,486,55,48
763,3,790,593,69,47
763,4,722,369,24,89
763,5,823,489,22,70
764,1,776,563,72,29
764,2,834,485,55,48
764,3,789,593,70,47
764,4,722,368,24,89
764,5,822,488,22,70
765,1,777,563,72,29
765,2,834,485,55,48
765,3,789,594,71,46
765,4,722,366,23,89
765,5,821,487,22,70
766,1,778,563,72,30
766,2,835,485,54,48
766,3,788,595,71,45
766,4,722,365,22,89
766,5,821,486,22,69
767,1,780,564,72,30
767,2,836,485,53,48
767,3,787,594,69,45
767,4,721,363,22,88
767,5,820,485,22,68
768,1,781,565,72,30
768,2,836,485,54,48
768,3,785,593,66,45
768,4,721,362,22,88
768,5,821,484,21,68
769,1,783,566,72,28
769,2,836,484,54,48
769,3,785,594,64,45
769,4,721,360,22,88
769,5,821,482,19,68
770,1,785,566,72,27
770,2,836,484,54,48
770,3,784,594,61,46
770,4,721,359,21,87
770,5,821,481,19,68
771,1,788,565,71,28
771,2,836,484,54,48
771,3,783,598,64,43
771,4,721,357,20,86
771,5,821,479,19,68
772,1,790,564,70,28
772,2,836,484,54,48
772,3,781,602,66,40
772,4,721,355,24,85
772,5,821,478,20,68
773,1,793,564,69,29
773,2,836,484,55,49
773,3,780,605,68,38
773,4,721,353,27,85
773,5,821,476,20,68
774,1,795,564,68,29
774,2,837,481,50,49
774,3,778,607,70,36
774,4,721,350,28,80
774,5,818,478,24,64
775,1,797,567,68,27
775,2,839,479,45,49
775,3,777,609,70,34
775,4,721,347,26,81
775,5,814,479,28,60
776,1,799,570,67,24
776,2,841,478,41,46
776,3,776,611,70,32
776,4,721,344,23,82
776,5,811,480,33,53
777,1,800,571,68,24
777,2,843,477,38,43
777,3,774,610,70,32
777,4,722,341,19,85
777,5,808,480,39,45
778,1,801,572,68,23
778,2,847,476,34,45
778,3,773,609,70,33
778,4,723,337,15,87
778,5,806,481,42,38
779,1,802,572,68,24
779,2,851,475,30,48
779,3,771,608,70,34
779,4,722,335,16,87
779,5,804,483,46,31
780,1,802,571,69,25
780,2,854,474,29,52
780,3,770,606,70,35
780,4,721,332,17,87
780,5,802,482,51,29
781,1,803,571,70,26
781,2,857,472,27,55
781,3,769,607,69,35
781,4,721,330,18,87
781,5,799,481,56,27
782,1,803,570,71,27
782,2,863,471,20,56
782,3,767,608,69,34
782,4,720,327,19,87
782,5,797,482,59,27
783,1,804,570,71,28
783,2,868,470,13,57
783,3,766,609,69,34
783,4,720,324,20,87
783,5,794,483,62,28
784,1,805,569,71,30
784,2,868,469,13,58
784,3,765,609,70,34
784,4,720,321,20,87
784,5,792,481,63,31
785,1,808,568,70,31
785,2,868,467,13,58
785,3,764,612,71,32
785,4,722,319,19,86
785,5,790,479,63,35
786,1,810,567,68,33
786,2,868,466,14,59
786,3,762,614,72,30
786,4,723,317,18,85
786,5,788,478,63,37
787,1,811,567,69,33
787,2,868,465,15,61
787,3,761,615,72,30
787,4,723,315,17,84
787,5,786,478,63,39
788,1,812,567,69,34
788,2,868,464,16,61
788,3,760,615,72,30
788,4,724,312,16,84
788,5,784,479,63,39
789,1,812,567,69,34
789,2,868,463,16,61
789,3,759,615,72,30
789,4,724,310,16,84
789,5,783,480,62,40
790,1,814,566,69,36
790,2,868,462,16,62
790,3,758,615,73,30
790,4,724,308,17,84
790,5,782,480,62,41
791,1,815,565,69,38
791,2,867,461,16,62
791,3,757,613,73,31
791,4,725,306,16,84
791,5,781,481,61,41
792,1,816,565,69,38
792,2,867,460,16,62
792,3,755,610,72,33
792,4,726,303,15,84
792,5,779,482,61,41
793,1,817,565,69,38
793,2,867,458,16,63
793,3,755,609,72,35
793,4,726,301,15,84
793,5,778,483,61,41
794,1,820,562,65,41
794,2,867,458,16,63
794,3,754,608,71,36
794,4,726,298,15,84
794,5,777,483,61,42
795,1,822,559,60,44
795,2,866,457,16,64
795,3,753,608,71,37
795,4,727,297,14,84
795,5,775,484,61,43
796,1,825,557,54,42
796,2,866,456,16,64
796,3,751,608,71,37
796,4,727,295,13,84
796,5,775,484,59,46
797,1,827,554,49,41
797,2,866,455,16,64
797,3,750,608,72,38
797,4,727,293,13,84
797,5,774,484,58,48
798,1,832,554,43,43
798,2,866,454,16,64
798,3,749,608,73,38
798,4,727,290,13,84
798,5,776,486,54,49
799,1,838,553,38,45
799,2,866,453,15,65
799,3,748,611,73,36
799,4,727,288,13,85
799,5,777,489,50,50
800,1,843,552,33,49
800,2,866,452,15,65
800,3,747,613,73,33
800,4,727,286,13,85
800,5,777,491,46,51
801,1,849,551,28,54
801,2,866,451,16,65
801,3,746,612,73,33
801,4,727,284,13,85
801,5,777,492,41,51
802,1,849,549,28,56
802,2,866,450,15,66
802,3,744,611,73,34
802,4,727,282,13,85
802,5,778,490,36,56
803,1,850,548,27,59
803,2,866,449,15,66
803,3,743,609,72,36
803,4,728,281,13,85
803,5,779,488,30,61
804,1,849,546,28,60
804,2,862,450,19,63
804,3,742,608,72,37
804,4,728,279,14,85
804,5,779,487,27,63
805,1,847,544,30,62
805,2,858,451,23,61
805,3,741,609,72,37
805,4,728,277,14,85
805,5,779,487,24,66
806,1,847,542,32,63
806,2,855,450,27,58
806,3,739,611,72,36
806,4,728,275,14,85
806,5,779,487,24,68
807,1,846,540,35,64
807,2,853,449,31,56
807,3,739,612,72,36
807,4,728,273,14,85
807,5,779,486,25,71
808,1,845,539,37,63
808,2,851,448,34,53
808,3,738,612,72,36
808,4,728,271,14,85
808,5,778,488,28,72
809,1,844,537,38,63
809,2,848,446,37,49
809,3,738,614,72,34
809,4,728,270,14,85
809,5,776,489,30,73
810,1,844,535,38,64
810,2,847,443,40,50
810,3,738,616,71,32
810,4,728,268,14,85
810,5,775,491,32,73
811,1,843,533,38,64
811,2,845,441,44,50
811,3,737,616,71,32
811,4,728,266,14,85
811,5,774,493,33,73
812,1,842,531,38,65
812,2,843,439,46,50
812,3,736,616,71,32
812,4,728,264,14,85
812,5,775,496,33,72
813,1,841,530,37,65
813,2,841,438,49,50
813,3,736,615,68,33
813,4,728,262,14,85
813,5,775,498,33,71
814,1,840,528,37,65
814,2,840,436,50,50
814,3,735,613,66,33
814,4,728,260,14,85
814,5,777,499,33,72
815,1,839,526,36,66
815,2,838,434,50,50
815,3,733,612,66,34
815,4,728,259,14,85
815,5,778,499,34,73
816,1,838,525,36,67
816,2,837,432,49,51
816,3,731,611,67,35
816,4,728,258,14,85
816,5,779,501,33,73
817,1,837,523,35,68
817,2,835,431,49,52
817,3,729,610,67,35
817,4,728,256,14,85
817,5,780,502,33,73
818,1,837,522,35,68
818,2,834,429,49,53
818,3,727,609,68,36
818,4,728,254,14,85
818,5,781,503,32,73
819,1,836,520,35,68
819,2,833,427,48,54
819,3,727,608,68,38
819,4,728,253,14,85
819,5,781,504,31,73
820,1,835,519,35,68
820,2,831,426,47,53
820,3,726,606,69,41
820,4,728,251,14,85
820,5,782,506,32,73
821,1,834,518,34,67
821,2,830,425,47,53
821,3,728,609,64,39
821,4,728,250,14,85
821,5,782,507,32,73
822,1,834,516,34,67
822,2,829,423,47,55
822,3,730,611,59,38
822,4,728,249,14,85
822,5,782,509,32,73
823,1,833,515,35,67
823,2,828,422,46,56
823,3,731,606,52,41
823,4,728,248,14,85
823,5,782,510,33,73
824,1,832,514,35,66
824,2,827,420,46,57
824,3,732,602,44,43
824,4,728,246,14,85
824,5,782,512,34,72
825,1,831,513,36,65
825,2,826,419,46,57
825,3,731,599,38,46
825,4,728,245,14,85
825,5,782,513,34,71
826,1,831,512,38,65
826,2,825,418,46,58
826,3,730,596,32,49
826,4,728,243,14,85
826,5,782,514,34,72
827,1,830,511,39,65
827,2,823,416,47,58
827,3,728,592,34,53
827,4,728,242,14,85
827,5,782,515,34,73
828,1,826,512,39,61
828,2,823,415,46,59
828,3,726,589,36,57
828,4,728,240,14,85
828,5,782,516,35,73
829,1,823,513,39,57
829,2,822,413,45,60
829,3,726,588,38,58
829,4,728,239,14,85
829,5,782,517,35,73
830,1,821,510,41,57
830,2,821,412,45,60
830,3,726,587,40,59
830,4,728,238,14,85
830,5,783,518,35,72
831,1,818,508,44,57
831,2,820,411,45,60
831,3,725,588,44,57
831,4,728,237,14,85
831,5,784,519,34,71
832,1,817,505,48,58
832,2,820,410,44,61
832,3,723,589,47,56
832,4,727,235,14,85
832,5,784,520,34,72
833,1,815,501,53,58
833,2,819,408,44,61
833,3,727,590,46,54
833,4,727,234,14,85
833,5,784,520,35,73
834,1,813,499,54,56
834,2,818,407,44,62
834,3,730,591,44,52
834,4,727,233,14,85
834,5,786,521,32,74
835,1,811,496,56,54
835,2,817,406,44,62
835,3,728,595,49,48
835,4,727,232,14,85
835,5,787,521,30,74
836,1,808,494,56,56
836,2,817,405,43,63
836,3,725,599,53,45
836,4,727,231,14,85
836,5,786,526,32,70
837,1,806,491,56,57
837,2,816,404,43,63
837,3,722,602,59,41
837,4,727,229,14,85
837,5,785,531,35,66
838,1,804,489,55,58
838,2,816,403,43,64
838,3,719,605,65,37
838,4,727,228,14,85
838,5,789,533,31,66
839,1,802,487,54,60
839,2,815,401,43,64
839,3,724,604,63,37
839,4,727,227,14,85
839,5,793,534,27,66
840,1,799,485,54,60
840,2,814,401,42,64
840,3,729,603,60,37
840,4,727,226,14,85
840,5,794,534,26,68
841,1,796,483,54,60
841,2,813,400,41,64
841,3,730,606,62,35
841,4,727,225,14,85
841,5,796,534,25,70
842,1,795,482,54,60
842,2,813,399,41,64
842,3,731,608,63,33
842,4,727,224,15,85
842,5,795,535,26,72
843,1,793,480,54,60
843,2,812,397,41,65
843,3,729,612,67,29
843,4,725,223,19,81
843,5,794,535,26,74
844,1,791,478,55,59
844,2,811,397,41,65
844,3,727,615,72,25
844,4,724,222,22,77
844,5,793,536,27,74
845,1,789,476,56,59
845,2,811,396,41,65
845,3,728,618,73,23
845,4,723,221,25,76
845,5,793,537,27,75
846,1,787,475,56,58
846,2,810,395,40,65
846,3,729,621,75,20
846,4,721,219,27,76
846,5,792,539,30,74
847,1,785,473,57,58
847,2,810,393,39,65
847,3,732,622,74,20
847,4,720,217,29,75
847,5,791,541,32,74
848,1,783,471,58,58
848,2,809,392,39,65
848,3,734,622,73,19
848,4,719,216,31,74
848,5,790,543,32,74
849,1,781,469,58,58
849,2,808,391,39,65
849,3,736,622,73,19
849,4,720,214,31,75
849,5,790,544,33,75
850,1,780,468,58,57
850,2,808,390,39,65
850,3,738,622,73,19
850,4,720,213,32,75
850,5,789,546,33,74
851,1,778,466,58,56
851,2,807,389,39,65
851,3,739,621,74,20
851,4,719,211,34,75
851,5,789,548,33,73
852,1,777,465,58,56
852,2,808,388,36,65
852,3,740,620,74,21
852,4,719,209,35,75
852,5,789,549,32,74
853,1,775,463,58,56
853,2,809,386,33,64
853,3,744,618,73,23
853,4,717,208,38,75
853,5,788,549,31,75
854,1,773,462,58,56
854,2,810,383,34,64
854,3,747,616,71,24
854,4,715,206,41,74
854,5,788,550,31,75
855,1,772,460,58,56
855,2,811,381,35,64
855,3,751,613,70,27
855,4,714,205,43,74
855,5,787,551,31,75
856,1,770,459,58,55
856,2,811,378,34,63
856,3,754,610,69,29
856,4,713,203,45,73
856,5,786,552,32,74
857,1,769,458,58,53
857,2,810,375,32,62
857,3,755,611,69,29
857,4,713,202,46,71
857,5,785,553,32,75
858,1,767,456,59,53
858,2,810,373,30,65
858,3,757,612,69,29
858,4,713,201,47,70
858,5,784,554,32,75
859,1,765,455,60,53
859,2,809,370,28,67
859,3,756,613,71,28
859,4,714,199,47,70
859,5,783,555,32,75
860,1,764,454,60,53
860,2,808,368,25,70
860,3,755,613,74,27
860,4,715,197,47,70
860,5,783,555,32,75
861,1,763,452,60,53
861,2,808,365,21,73
861,3,756,615,75,26
861,4,716,196,47,70
861,5,783,557,31,76
862,1,761,451,60,53
862,2,807,363,20,74
862,3,756,616,76,26
862,4,717,195,47,70
862,5,783,557,30,76
863,1,760,450,60,53
863,2,807,361,19,75
863,3,758,616,76,25
863,4,717,194,48,70
863,5,783,557,29,77
864,1,759,448,60,53
864,2,807,359,18,75
864,3,759,617,76,25
864,4,717,193,49,70
864,5,783,558,29,77
865,1,757,447,60,53
865,2,806,357,17,75
865,3,763,616,74,25
865,4,717,192,49,70
865,5,782,559,29,77
866,1,756,446,60,53
866,2,806,355,17,75
866,3,766,615,72,26
866,4,717,190,50,70
866,5,782,559,29,77
867,1,755,444,60,53
867,2,806,353,17,75
867,3,767,613,72,28
867,4,717,189,51,70
867,5,782,560,29,78
868,1,754,443,60,52
868,2,806,351,17,75
868,3,768,611,72,30
868,4,717,188,52,70
868,5,782,561,29,78
869,1,753,442,59,50
869,2,806,349,17,75
869,3,769,611,73,30
869,4,720,190,54,65
869,5,781,562,29,78
870,1,752,441,59,50
870,2,805,348,17,75
870,3,770,610,73,31
870,4,722,192,55,60
870,5,781,563,29,78
871,1,750,440,59,50
871,2,805,347,17,75
871,3,771,610,73,31
871,4,727,194,54,55
871,5,781,563,29,78
872,1,750,439,59,50
872,2,805,345,17,75
872,3,771,610,74,32
872,4,732,195,52,50
872,5,780,564,29,78
873,1,749,438,59,50
873,2,804,342,17,75
873,3,773,612,73,29
873,4,729,195,58,42
873,5,779,564,29,78
874,1,748,437,59,50
874,2,804,341,17,75
874,3,774,614,73,27
874,4,726,195,64,35
874,5,779,565,29,78
875,1,747,436,59,50
875,2,804,340,16,75
875,3,774,614,73,27
875,4,724,195,68,32
875,5,778,566,29,78
876,1,748,433,56,53
876,2,804,338,16,75
876,3,774,614,73,27
876,4,723,195,72,29
876,5,779,566,29,78
877,1,749,430,52,56
877,2,804,336,16,75
877,3,775,615,74,26
877,4,722,194,76,26
877,5,779,567,29,78
878,1,751,428,50,55
878,2,804,335,16,75
878,3,778,617,72,24
878,4,724,193,77,28
878,5,781,569,27,76
879,1,752,425,47,53
879,2,803,334,16,75
879,3,780,618,71,23
879,4,726,193,77,29
879,5,782,571,25,75
880,1,751,422,45,57
880,2,803,332,16,75
880,3,782,617,69,24
880,4,729,192,77,31
880,5,781,575,30,73
881,1,749,419,42,62
881,2,803,331,16,75
881,3,784,616,68,25
881,4,731,192,77,33
881,5,780,578,35,71
882,1,747,416,39,67
882,2,802,330,16,75
882,3,788,617,63,24
882,4,733,190,77,35
882,5,779,582,35,69
883,1,745,413,36,72
883,2,802,328,16,75
883,3,791,617,59,24
883,4,736,188,77,38
883,5,778,585,35,66
884,1,744,410,33,74
884,2,802,327,16,75
884,3,793,612,55,29
884,4,738,188,77,40
884,5,778,586,30,66
885,1,743,408,30,75
885,2,802,325,16,75
885,3,794,607,52,34
885,4,741,188,76,41
885,5,778,587,25,65
886,1,742,405,29,75
886,2,802,324,16,75
886,3,800,603,43,37
886,4,743,189,76,42
886,5,779,586,26,65
887,1,741,403,29,75
887,2,802,323,16,75
887,3,807,599,35,40
887,4,746,189,75,43
887,5,780,585,26,65
888,1,740,400,29,75
888,2,802,322,16,76
888,3,809,597,32,42
888,4,747,190,76,43
888,5,779,587,28,62
889,1,739,396,29,76
889,2,802,321,15,77
889,3,812,595,30,43
889,4,749,191,76,43
889,5,777,590,31,58
890,1,739,394,29,76
890,2,802,320,15,77
890,3,811,592,32,47
890,4,751,192,76,43
890,5,775,590,34,58
891,1,738,392,29,76
891,2,801,319,15,77
891,3,809,588,35,51
891,4,752,193,76,43
891,5,773,590,37,58
892,1,737,390,29,76
892,2,801,318,15,77
892,3,808,585,37,54
892,4,754,194,76,43
892,5,772,590,38,59
893,1,736,387,29,76
893,2,801,317,15,77
893,3,806,582,39,58
893,4,756,194,76,44
893,5,771,590,39,59
894,1,735,385,29,76
894,2,801,316,15,77
894,3,805,580,40,60
894,4,758,195,75,44
894,5,773,591,38,57
895,1,734,382,29,76
895,2,801,315,15,77
895,3,804,579,41,61
895,4,761,196,74,44
895,5,772,592,40,57
896,1,729,382,32,71
896,2,801,314,15,77
896,3,804,578,41,61
896,4,762,197,75,44
896,5,771,592,43,56
897,1,724,382,35,67
897,2,801,313,15,77
897,3,804,577,41,62
897,4,764,197,75,45
897,5,770,593,46,55
898,1,718,384,39,63
898,2,801,312,15,77
898,3,805,577,41,61
898,4,765,198,75,45
898,5,772,594,45,53
899,1,715,387,44,57
899,2,800,311,15,77
899,3,805,577,42,60
899,4,766,199,75,46
899,5,774,595,45,51
900,1,717,386,43,46
900,2,800,310,14,77
900,3,805,579,43,58
900,4,769,201,74,45
900,5,777,597,43,50
