1,1,287,619
1,2,127,555
1,3,179,635
1,4,171,496
1,5,116,636
2,1,289,618
2,2,126,554
2,3,178,635
2,4,172,495
2,5,117,636
3,1,291,618
3,2,125,552
3,3,176,633
3,4,173,494
3,5,118,635
4,1,293,615
4,2,125,550
4,3,174,633
4,4,175,493
4,5,119,635
5,1,295,614
5,2,124,549
5,3,172,631
5,4,176,492
5,5,121,636
6,1,297,613
6,2,125,547
6,3,170,630
6,4,177,491
6,5,122,636
7,1,299,613
7,2,127,545
7,3,168,630
7,4,178,490
7,5,122,636
8,1,301,611
8,2,130,543
8,3,167,632
8,4,179,490
8,5,123,636
9,1,303,611
9,2,134,542
9,3,166,632
9,4,181,487
9,5,124,635
10,1,304,609
10,2,138,541
10,3,165,632
10,4,183,487
10,5,124,635
11,1,305,608
11,2,141,540
11,3,163,633
11,4,183,485
11,5,125,635
12,1,307,607
12,2,144,539
12,3,162,634
12,4,184,485
12,5,125,635
13,1,309,607
13,2,146,538
13,3,159,632
13,4,185,484
13,5,126,635
14,1,311,606
14,2,149,538
14,3,157,632
14,4,186,484
14,5,125,635
15,1,311,606
15,2,150,536
15,3,155,629
15,4,187,483
15,5,126,636
16,1,313,604
16,2,152,535
16,3,153,627
16,4,188,482
16,5,127,635
17,1,314,604
17,2,154,533
17,3,152,628
17,4,189,481
17,5,126,635
18,1,316,604
18,2,155,533
18,3,150,626
18,4,191,480
18,5,127,634
19,1,317,603
19,2,157,532
19,3,149,627
19,4,192,479
19,5,128,634
20,1,318,602
20,2,158,531
20,3,148,627
20,4,193,479
20,5,128,635
21,1,319,601
21,2,160,530
21,3,146,628
21,4,194,478
21,5,128,634
22,1,321,600
22,2,162,528
22,3,145,628
22,4,195,477
22,5,128,634
23,1,322,599
23,2,163,527
23,3,144,628
23,4,196,476
23,5,128,634
24,1,323,599
24,2,164,526
24,3,142,628
24,4,197,475
24,5,128,635
25,1,324,598
25,2,165,526
25,3,141,628
25,4,197,475
25,5,128,635
26,1,326,597
26,2,167,525
26,3,140,628
26,4,200,476
26,5,129,635
27,1,326,596
27,2,168,524
27,3,139,628
27,4,202,479
27,5,130,635
28,1,327,596
28,2,169,523
28,3,138,628
28,4,203,481
28,5,131,635
29,1,328,596
29,2,170,522
29,3,138,628
29,4,207,481
29,5,133,634
30,1,329,596
30,2,172,521
30,3,138,628
30,4,209,481
30,5,134,635
31,1,330,594
31,2,173,521
31,3,140,628
31,4,211,481
31,5,135,635
32,1,331,594
32,2,173,519
32,3,142,627
32,4,213,481
32,5,135,635
33,1,332,594
33,2,175,519
33,3,148,627
33,4,216,481
33,5,135,636
34,1,332,593
34,2,176,518
34,3,152,626
34,4,218,480
34,5,135,636
35,1,330,589
35,2,177,518
35,3,157,627
35,4,221,480
35,5,135,636
36,1,327,586
36,2,178,517
36,3,159,626
36,4,224,479
36,5,136,636
37,1,325,583
37,2,179,517
37,3,162,626
37,4,227,479
37,5,136,635
38,1,326,580
38,2,180,516
38,3,164,626
38,4,228,478
38,5,136,636
39,1,327,578
39,2,181,516
39,3,166,627
39,4,231,478
39,5,136,636
40,1,328,575
40,2,182,515
40,3,167,627
40,4,233,478
40,5,137,635
41,1,329,574
41,2,183,514
41,3,168,626
41,4,236,478
41,5,138,634
42,1,330,570
42,2,183,514
42,3,171,627
42,4,237,478
42,5,140,633
43,1,331,568
43,2,184,514
43,3,173,625
43,4,239,477
43,5,142,633
44,1,333,564
44,2,185,514
44,3,174,624
44,4,241,476
44,5,143,633
45,1,333,562
45,2,187,516
45,3,176,625
45,4,244,477
45,5,143,632
46,1,334,560
46,2,188,518
46,3,177,625
46,4,246,477
46,5,145,632
47,1,335,558
47,2,190,519
47,3,179,626
47,4,248,476
47,5,145,632
48,1,337,556
48,2,191,518
48,3,179,626
48,4,249,476
48,5,147,633
49,1,338,554
49,2,192,517
49,3,181,626
49,4,251,476
49,5,148,633
50,1,338,552
50,2,193,516
50,3,184,624
50,4,253,475
50,5,148,632
51,1,339,550
51,2,195,515
51,3,186,622
51,4,256,475
51,5,150,632
52,1,339,548
52,2,197,514
52,3,188,621
52,4,257,476
52,5,151,632
53,1,340,545
53,2,198,513
53,3,190,618
53,4,259,475
53,5,151,632
54,1,341,543
54,2,200,512
54,3,193,617
54,4,261,475
54,5,152,632
55,1,342,541
55,2,203,512
55,3,195,617
55,4,263,475
55,5,152,632
56,1,342,539
56,2,205,512
56,3,197,617
56,4,264,476
56,5,153,631
57,1,343,537
57,2,207,512
57,3,198,617
57,4,266,476
57,5,153,632
58,1,344,535
58,2,209,512
58,3,202,617
58,4,268,475
58,5,154,631
59,1,344,534
59,2,210,511
59,3,204,618
59,4,270,475
59,5,154,631
60,1,345,532
60,2,212,511
60,3,206,617
60,4,271,475
60,5,155,631
61,1,345,530
61,2,213,510
61,3,208,618
61,4,273,474
61,5,155,631
62,1,346,529
62,2,215,510
62,3,211,618
62,4,274,474
62,5,156,631
63,1,347,527
63,2,217,508
63,3,213,618
63,4,276,473
63,5,157,631
64,1,347,525
64,2,218,509
64,3,215,619
64,4,278,474
64,5,157,631
65,1,348,523
65,2,220,508
65,3,216,619
65,4,279,473
65,5,158,631
66,1,348,522
66,2,221,507
66,3,218,619
66,4,281,473
66,5,158,630
67,1,349,520
67,2,223,508
67,3,220,619
67,4,282,473
67,5,159,630
68,1,350,518
68,2,224,508
68,3,222,619
68,4,284,473
68,5,160,629
69,1,351,517
69,2,226,512
69,3,224,619
69,4,285,474
69,5,162,628
70,1,351,515
70,2,227,515
70,3,226,619
70,4,287,478
70,5,164,627
71,1,351,514
71,2,228,518
71,3,227,620
71,4,288,480
71,5,167,626
72,1,352,512
72,2,229,520
72,3,228,620
72,4,289,482
72,5,168,626
73,1,352,511
73,2,231,522
73,3,230,620
73,4,291,483
73,5,170,627
74,1,353,509
74,2,234,524
74,3,231,620
74,4,293,484
74,5,171,627
75,1,353,508
75,2,236,525
75,3,232,620
75,4,294,485
75,5,173,628
76,1,354,507
76,2,239,527
76,3,233,620
76,4,296,486
76,5,174,628
77,1,354,506
77,2,242,527
77,3,235,618
77,4,298,487
77,5,176,628
78,1,354,504
78,2,244,528
78,3,237,617
78,4,300,487
78,5,179,628
79,1,354,503
79,2,247,529
79,3,239,615
79,4,302,488
79,5,180,628
80,1,355,502
80,2,250,530
80,3,241,614
80,4,304,488
80,5,183,628
81,1,355,500
81,2,252,532
81,3,242,614
81,4,306,489
81,5,185,627
82,1,356,499
82,2,255,533
82,3,244,614
82,4,308,490
82,5,187,628
83,1,356,497
83,2,257,534
83,3,246,613
83,4,310,491
83,5,189,628
84,1,356,497
84,2,259,535
84,3,248,613
84,4,312,492
84,5,191,629
85,1,352,496
85,2,262,535
85,3,251,613
85,4,313,493
85,5,194,631
86,1,346,494
86,2,264,535
86,3,252,613
86,4,315,494
86,5,196,633
87,1,342,492
87,2,266,536
87,3,253,613
87,4,317,494
87,5,198,633
88,1,339,490
88,2,267,537
88,3,254,613
88,4,317,495
88,5,201,634
89,1,339,488
89,2,270,537
89,3,257,613
89,4,319,496
89,5,202,635
90,1,335,484
90,2,272,538
90,3,259,613
90,4,321,496
90,5,205,634
91,1,335,481
91,2,274,538
91,3,261,614
91,4,323,497
91,5,207,636
92,1,332,478
92,2,277,539
92,3,262,613
92,4,324,498
92,5,209,636
93,1,331,475
93,2,279,539
93,3,263,613
93,4,326,499
93,5,211,637
94,1,330,473
94,2,280,539
94,3,265,613
94,4,327,500
94,5,213,636
95,1,328,470
95,2,282,539
95,3,266,612
95,4,329,500
95,5,216,634
96,1,328,469
96,2,283,540
96,3,267,612
96,4,330,501
96,5,220,633
97,1,326,466
97,2,285,540
97,3,268,612
97,4,332,502
97,5,223,632
98,1,324,463
98,2,287,540
98,3,269,612
98,4,333,502
98,5,226,633
99,1,323,461
99,2,288,540
99,3,271,611
99,4,334,502
99,5,229,634
100,1,322,459
100,2,289,541
100,3,272,611
100,4,336,504
100,5,232,635
101,1,320,456
101,2,291,541
101,3,273,612
101,4,337,504
101,5,235,637
102,1,319,454
102,2,292,541
102,3,275,613
102,4,339,505
102,5,238,638
103,1,318,451
103,2,294,541
103,3,276,613
103,4,340,505
103,5,239,641
104,1,317,450
104,2,295,541
104,3,278,614
104,4,341,506
104,5,240,641
105,1,315,447
105,2,296,541
105,3,280,615
105,4,342,507
105,5,242,640
106,1,315,446
106,2,299,541
106,3,282,616
106,4,342,508
106,5,244,640
107,1,316,445
107,2,300,541
107,3,283,616
107,4,343,508
107,5,246,640
108,1,317,445
108,2,301,542
108,3,284,616
108,4,345,509
108,5,248,639
109,1,317,444
109,2,302,542
109,3,284,616
109,4,346,509
109,5,250,639
110,1,317,445
110,2,302,542
110,3,286,616
110,4,347,510
110,5,253,639
111,1,317,445
111,2,304,542
111,3,288,618
111,4,348,511
111,5,255,640
112,1,317,443
112,2,305,542
112,3,290,618
112,4,349,511
112,5,257,640
113,1,316,443
113,2,306,542
113,3,291,618
113,4,350,511
113,5,259,640
114,1,316,441
114,2,307,542
114,3,292,618
114,4,351,513
114,5,259,641
115,1,316,440
115,2,308,542
115,3,293,619
115,4,352,513
115,5,260,646
116,1,315,440
116,2,309,542
116,3,294,619
116,4,353,514
116,5,259,645
117,1,314,438
117,2,310,542
117,3,294,619
117,4,354,514
117,5,259,646
118,1,311,438
118,2,311,542
118,3,295,620
118,4,356,515
118,5,259,645
119,1,308,439
119,2,312,542
119,3,296,619
119,4,357,516
119,5,258,645
120,1,303,442
120,2,313,542
120,3,297,621
120,4,358,516
120,5,259,644
121,1,298,445
121,2,315,542
121,3,298,621
121,4,359,516
121,5,259,644
122,1,295,449
122,2,316,542
122,3,299,621
122,4,359,515
122,5,259,643
123,1,292,449
123,2,317,542
123,3,300,621
123,4,361,517
123,5,260,642
124,1,288,450
124,2,318,542
124,3,301,622
124,4,362,518
124,5,261,643
125,1,285,449
125,2,318,542
125,3,302,622
125,4,362,518
125,5,261,643
126,1,281,448
126,2,319,542
126,3,302,622
126,4,362,519
126,5,259,643
127,1,278,448
127,2,320,542
127,3,303,622
127,4,364,519
127,5,258,643
128,1,275,447
128,2,320,542
128,3,304,622
128,4,365,520
128,5,256,643
129,1,272,446
129,2,321,542
129,3,305,622
129,4,366,520
129,5,255,644
130,1,269,446
130,2,322,542
130,3,305,623
130,4,366,520
130,5,254,643
131,1,266,446
131,2,322,541
131,3,306,622
131,4,367,521
131,5,252,643
132,1,264,446
132,2,322,541
132,3,306,622
132,4,368,521
132,5,252,643
133,1,261,446
133,2,323,540
133,3,306,622
133,4,369,522
133,5,252,643
134,1,258,446
134,2,324,541
134,3,308,622
134,4,370,522
134,5,252,643
135,1,255,446
135,2,325,541
135,3,310,622
135,4,370,523
135,5,252,643
136,1,252,446
136,2,325,540
136,3,309,622
136,4,371,523
136,5,252,643
137,1,250,446
137,2,326,540
137,3,308,622
137,4,372,524
137,5,251,643
138,1,248,446
138,2,327,540
138,3,310,622
138,4,373,524
138,5,248,643
139,1,245,446
139,2,327,540
139,3,311,621
139,4,374,525
139,5,245,643
140,1,243,446
140,2,328,539
140,3,311,622
140,4,374,525
140,5,241,643
141,1,241,446
141,2,328,539
141,3,312,622
141,4,375,526
141,5,239,642
142,1,239,446
142,2,329,539
142,3,312,622
142,4,377,526
142,5,237,643
143,1,237,447
143,2,330,538
143,3,312,622
143,4,377,527
143,5,237,642
144,1,234,447
144,2,330,538
144,3,313,622
144,4,378,527
144,5,235,641
145,1,233,446
145,2,331,538
145,3,312,622
145,4,379,527
145,5,235,640
146,1,231,447
146,2,331,538
146,3,314,623
146,4,379,527
146,5,235,642
147,1,231,454
147,2,332,538
147,3,315,622
147,4,380,527
147,5,235,641
148,1,232,459
148,2,332,538
148,3,317,620
148,4,381,527
148,5,236,641
149,1,234,465
149,2,333,538
149,3,319,617
149,4,381,528
149,5,236,640
150,1,236,468
150,2,334,537
150,3,320,616
150,4,381,528
150,5,237,640
151,1,235,471
151,2,335,537
151,3,323,615
151,4,382,530
151,5,237,640
152,1,234,475
152,2,336,537
152,3,324,615
152,4,383,530
152,5,238,640
153,1,233,477
153,2,336,537
153,3,326,616
153,4,384,530
153,5,238,639
154,1,232,481
154,2,336,538
154,3,328,616
154,4,385,531
154,5,238,639
155,1,232,484
155,2,337,538
155,3,329,616
155,4,386,530
155,5,239,638
156,1,230,487
156,2,338,537
156,3,331,616
156,4,387,530
156,5,238,638
157,1,230,489
157,2,338,537
157,3,331,617
157,4,389,527
157,5,238,638
158,1,229,491
158,2,339,537
158,3,333,617
158,4,390,525
158,5,237,638
159,1,228,494
159,2,340,537
159,3,334,618
159,4,393,524
159,5,237,638
160,1,227,497
160,2,340,537
160,3,336,618
160,4,396,523
160,5,239,638
161,1,227,500
161,2,341,537
161,3,337,619
161,4,398,523
161,5,243,637
162,1,226,502
162,2,341,536
162,3,338,619
162,4,400,522
162,5,245,637
163,1,225,505
163,2,342,536
163,3,338,620
163,4,402,522
163,5,246,636
164,1,224,507
164,2,342,537
164,3,338,620
164,4,404,522
164,5,246,636
165,1,223,510
165,2,343,537
165,3,339,621
165,4,407,523
165,5,246,635
166,1,223,512
166,2,343,537
166,3,335,619
166,4,409,522
166,5,247,635
167,1,222,514
167,2,344,536
167,3,331,618
167,4,410,522
167,5,247,634
168,1,221,516
168,2,345,536
168,3,325,618
168,4,412,523
168,5,247,633
169,1,221,518
169,2,345,536
169,3,320,617
169,4,414,522
169,5,245,634
170,1,220,520
170,2,346,536
170,3,316,616
170,4,416,522
170,5,243,633
171,1,219,523
171,2,346,536
171,3,314,616
171,4,418,522
171,5,242,632
172,1,219,525
172,2,346,536
172,3,312,616
172,4,420,522
172,5,243,631
173,1,218,526
173,2,347,537
173,3,309,615
173,4,422,522
173,5,245,631
174,1,217,528
174,2,345,539
174,3,307,615
174,4,423,522
174,5,248,630
175,1,216,530
175,2,343,542
175,3,305,616
175,4,425,522
175,5,252,630
176,1,216,531
176,2,341,545
176,3,304,616
176,4,426,522
176,5,256,629
177,1,215,534
177,2,340,547
177,3,303,616
177,4,428,522
177,5,259,630
178,1,215,535
178,2,339,549
178,3,302,617
178,4,430,522
178,5,262,630
179,1,214,537
179,2,338,552
179,3,301,618
179,4,432,522
179,5,265,630
180,1,214,539
180,2,338,553
180,3,300,618
180,4,433,522
180,5,267,630
181,1,214,540
181,2,338,555
181,3,300,619
181,4,435,522
181,5,270,628
182,1,213,542
182,2,338,557
182,3,299,619
182,4,436,522
182,5,272,626
183,1,212,543
183,2,338,558
183,3,296,618
183,4,437,522
183,5,274,625
184,1,212,545
184,2,338,560
184,3,295,619
184,4,439,521
184,5,276,624
185,1,211,546
185,2,339,562
185,3,296,618
185,4,441,522
185,5,277,625
186,1,211,548
186,2,340,564
186,3,296,619
186,4,442,521
186,5,279,625
187,1,211,549
187,2,340,565
187,3,296,620
187,4,443,521
187,5,281,624
188,1,211,551
188,2,341,566
188,3,296,620
188,4,445,521
188,5,282,626
189,1,210,553
189,2,341,569
189,3,294,620
189,4,445,521
189,5,283,626
190,1,210,554
190,2,342,571
190,3,292,621
190,4,447,521
190,5,284,627
191,1,209,555
191,2,343,572
191,3,291,621
191,4,448,521
191,5,287,627
192,1,209,557
192,2,343,573
192,3,291,621
192,4,450,520
192,5,288,628
193,1,209,558
193,2,343,575
193,3,290,620
193,4,451,520
193,5,289,628
194,1,208,560
194,2,344,576
194,3,289,620
194,4,453,520
194,5,292,628
195,1,208,560
195,2,344,577
195,3,288,621
195,4,454,520
195,5,293,628
196,1,213,561
196,2,344,578
196,3,286,620
196,4,455,520
196,5,295,628
197,1,217,563
197,2,344,579
197,3,284,619
197,4,456,521
197,5,297,628
198,1,223,563
198,2,345,581
198,3,282,618
198,4,458,526
198,5,298,629
199,1,226,563
199,2,345,582
199,3,280,618
199,4,456,532
199,5,300,630
200,1,230,564
200,2,345,583
200,3,281,619
200,4,456,536
200,5,302,631
201,1,232,565
201,2,346,584
201,3,280,620
201,4,456,540
201,5,304,631
202,1,234,567
202,2,345,585
202,3,278,621
202,4,457,543
202,5,306,631
203,1,236,570
203,2,346,586
203,3,278,624
203,4,458,545
203,5,307,631
204,1,239,572
204,2,346,587
204,3,281,622
204,4,459,547
204,5,309,631
205,1,241,575
205,2,347,588
205,3,282,620
205,4,458,550
205,5,311,631
206,1,242,577
206,2,346,589
206,3,287,620
206,4,459,552
206,5,312,629
207,1,245,579
207,2,347,590
207,3,293,620
207,4,461,554
207,5,315,627
208,1,247,582
208,2,347,590
208,3,298,620
208,4,461,557
208,5,317,626
209,1,249,583
209,2,348,591
209,3,302,618
209,4,462,559
209,5,320,626
210,1,250,586
210,2,347,592
210,3,302,616
210,4,462,561
210,5,321,625
211,1,252,588
211,2,348,593
211,3,304,616
211,4,463,562
211,5,324,625
212,1,254,589
212,2,348,593
212,3,305,617
212,4,463,565
212,5,325,625
213,1,256,591
213,2,348,595
213,3,308,617
213,4,464,566
213,5,328,625
214,1,258,593
214,2,348,595
214,3,310,617
214,4,464,568
214,5,331,624
215,1,259,595
215,2,349,596
215,3,310,618
215,4,464,569
215,5,333,625
216,1,260,596
216,2,349,596
216,3,313,617
216,4,465,570
216,5,335,625
217,1,262,598
217,2,349,597
217,3,315,617
217,4,465,574
217,5,336,625
218,1,263,599
218,2,349,598
218,3,317,617
218,4,463,577
218,5,338,625
219,1,265,601
219,2,350,599
219,3,319,617
219,4,461,579
219,5,340,625
220,1,266,602
220,2,350,599
220,3,318,617
220,4,460,582
220,5,342,625
221,1,268,604
221,2,350,600
221,3,319,616
221,4,461,585
221,5,344,625
222,1,269,605
222,2,350,600
222,3,322,618
222,4,462,588
222,5,345,626
223,1,271,607
223,2,350,601
223,3,324,619
223,4,463,590
223,5,348,625
224,1,272,609
224,2,350,601
224,3,326,618
224,4,463,592
224,5,349,625
225,1,273,611
225,2,350,602
225,3,327,615
225,4,463,596
225,5,351,625
226,1,274,612
226,2,351,603
226,3,328,613
226,4,463,597
226,5,353,625
227,1,275,614
227,2,351,603
227,3,330,612
227,4,464,599
227,5,354,625
228,1,276,615
228,2,351,603
228,3,333,609
228,4,465,603
228,5,355,625
229,1,277,616
229,2,351,604
229,3,337,609
229,4,465,605
229,5,357,625
230,1,278,618
230,2,351,604
230,3,338,608
230,4,466,608
230,5,359,625
231,1,279,620
231,2,351,605
231,3,341,607
231,4,466,609
231,5,360,625
232,1,280,621
232,2,351,605
232,3,343,606
232,4,467,610
232,5,361,625
233,1,281,622
233,2,352,605
233,3,345,606
233,4,467,613
233,5,363,625
234,1,282,623
234,2,352,606
234,3,346,605
234,4,467,615
234,5,364,626
235,1,283,625
235,2,353,606
235,3,348,605
235,4,466,616
235,5,366,626
236,1,284,626
236,2,352,607
236,3,349,605
236,4,467,618
236,5,366,626
237,1,285,627
237,2,352,607
237,3,353,605
237,4,467,620
237,5,368,626
238,1,287,628
238,2,352,607
238,3,356,605
238,4,468,622
238,5,369,627
239,1,288,630
239,2,350,608
239,3,358,605
239,4,468,623
239,5,370,627
240,1,289,630
240,2,347,610
240,3,360,604
240,4,468,625
240,5,372,626
241,1,289,631
241,2,346,612
241,3,362,604
241,4,467,625
241,5,373,625
242,1,290,632
242,2,346,613
242,3,363,604
242,4,466,624
242,5,374,626
243,1,291,634
243,2,347,615
243,3,365,604
243,4,464,623
243,5,376,626
244,1,292,635
244,2,346,617
244,3,365,604
244,4,459,621
244,5,377,627
245,1,294,635
245,2,346,619
245,3,366,604
245,4,455,618
245,5,379,629
246,1,297,629
246,2,347,624
246,3,368,604
246,4,450,613
246,5,381,630
247,1,302,617
247,2,347,625
247,3,370,604
247,4,447,607
247,5,384,630
248,1,302,609
248,2,348,627
248,3,371,604
248,4,445,604
248,5,387,631
249,1,305,604
249,2,347,630
249,3,373,604
249,4,443,601
249,5,388,631
250,1,308,599
250,2,347,631
250,3,373,603
250,4,440,599
250,5,391,631
251,1,311,595
251,2,348,633
251,3,374,603
251,4,439,597
251,5,392,631
252,1,315,591
252,2,348,635
252,3,376,603
252,4,437,595
252,5,394,632
253,1,318,590
253,2,348,637
253,3,377,603
253,4,435,593
253,5,396,632
254,1,321,586
254,2,348,640
254,3,378,603
254,4,432,591
254,5,397,632
255,1,325,584
255,2,348,643
255,3,379,603
255,4,429,590
255,5,400,633
256,1,328,582
256,2,349,643
256,3,381,604
256,4,428,590
256,5,401,633
257,1,330,580
257,2,349,645
257,3,382,603
257,4,426,589
257,5,402,632
258,1,333,578
258,2,349,645
258,3,383,603
258,4,424,588
258,5,404,632
259,1,336,576
259,2,352,646
259,3,384,603
259,4,422,587
259,5,405,632
260,1,338,575
260,2,354,644
260,3,385,603
260,4,420,587
260,5,407,632
261,1,341,573
261,2,357,644
261,3,387,603
261,4,417,585
261,5,408,632
262,1,344,571
262,2,358,643
262,3,388,604
262,4,415,584
262,5,409,632
263,1,346,570
263,2,360,642
263,3,389,604
263,4,414,583
263,5,410,632
264,1,349,570
264,2,361,642
264,3,390,604
264,4,412,581
264,5,411,632
265,1,351,568
265,2,362,641
265,3,391,604
265,4,411,582
265,5,412,632
266,1,354,567
266,2,363,640
266,3,392,604
266,4,409,581
266,5,413,632
267,1,356,565
267,2,365,639
267,3,393,604
267,4,406,580
267,5,415,631
268,1,359,564
268,2,365,639
268,3,394,604
268,4,404,580
268,5,416,632
269,1,361,564
269,2,366,639
269,3,394,604
269,4,403,579
269,5,417,632
270,1,363,562
270,2,367,638
270,3,395,604
270,4,401,578
270,5,417,632
271,1,365,561
271,2,368,638
271,3,397,604
271,4,400,578
271,5,418,631
272,1,367,560
272,2,368,639
272,3,398,604
272,4,398,577
272,5,419,632
273,1,369,559
273,2,369,639
273,3,398,604
273,4,397,577
273,5,420,632
274,1,371,558
274,2,369,640
274,3,399,604
274,4,395,576
274,5,420,632
275,1,374,558
275,2,370,640
275,3,400,604
275,4,394,575
275,5,421,632
276,1,376,559
276,2,371,641
276,3,401,603
276,4,392,575
276,5,422,631
277,1,379,562
277,2,371,641
277,3,401,603
277,4,391,574
277,5,423,631
278,1,381,565
278,2,372,642
278,3,402,603
278,4,390,574
278,5,424,631
279,1,382,568
279,2,373,643
279,3,403,604
279,4,389,574
279,5,424,631
280,1,384,571
280,2,374,642
280,3,403,604
280,4,388,573
280,5,425,631
281,1,385,572
281,2,375,642
281,3,405,604
281,4,387,573
281,5,426,631
282,1,387,573
282,2,376,641
282,3,406,604
282,4,385,572
282,5,426,631
283,1,388,574
283,2,378,640
283,3,407,604
283,4,381,575
283,5,428,631
284,1,390,575
284,2,380,639
284,3,408,604
284,4,379,577
284,5,428,632
285,1,392,576
285,2,381,638
285,3,408,604
285,4,376,579
285,5,429,632
286,1,395,578
286,2,383,637
286,3,408,603
286,4,374,579
286,5,430,632
287,1,396,579
287,2,385,638
287,3,409,604
287,4,370,580
287,5,431,632
288,1,399,580
288,2,386,638
288,3,410,604
288,4,367,579
288,5,432,631
289,1,402,580
289,2,386,637
289,3,411,604
289,4,366,579
289,5,433,632
290,1,404,581
290,2,387,638
290,3,412,604
290,4,362,579
290,5,433,632
291,1,407,583
291,2,389,638
291,3,411,607
291,4,358,578
291,5,434,631
292,1,409,584
292,2,390,638
292,3,411,606
292,4,355,578
292,5,435,629
293,1,410,585
293,2,391,638
293,3,411,606
293,4,352,578
293,5,436,628
294,1,412,586
294,2,392,639
294,3,412,604
294,4,349,577
294,5,438,628
295,1,413,587
295,2,394,639
295,3,412,604
295,4,347,578
295,5,440,628
296,1,415,588
296,2,395,639
296,3,413,604
296,4,345,578
296,5,441,627
297,1,416,590
297,2,397,639
297,3,416,603
297,4,343,578
297,5,442,627
298,1,418,590
298,2,398,639
298,3,418,602
298,4,340,578
298,5,444,627
299,1,419,591
299,2,399,638
299,3,420,601
299,4,337,578
299,5,445,627
300,1,421,592
300,2,402,638
300,3,422,599
300,4,335,578
300,5,447,627
301,1,422,593
301,2,404,638
301,3,424,601
301,4,332,577
301,5,448,626
302,1,424,593
302,2,406,638
302,3,425,601
302,4,329,577
302,5,450,625
303,1,425,594
303,2,408,638
303,3,426,601
303,4,327,577
303,5,451,625
304,1,426,595
304,2,410,640
304,3,426,601
304,4,326,577
304,5,452,625
305,1,428,596
305,2,411,640
305,3,428,602
305,4,324,577
305,5,454,625
306,1,429,597
306,2,413,641
306,3,428,602
306,4,321,576
306,5,455,624
307,1,430,598
307,2,415,641
307,3,430,603
307,4,320,576
307,5,456,624
308,1,431,599
308,2,417,642
308,3,431,603
308,4,318,576
308,5,457,624
309,1,432,599
309,2,418,642
309,3,432,603
309,4,315,577
309,5,459,624
310,1,434,600
310,2,420,643
310,3,428,602
310,4,313,576
310,5,459,624
311,1,435,600
311,2,421,644
311,3,423,602
311,4,311,576
311,5,461,625
312,1,436,601
312,2,424,644
312,3,419,603
312,4,309,576
312,5,461,625
313,1,437,602
313,2,423,644
313,3,413,602
313,4,306,576
313,5,463,624
314,1,438,602
314,2,425,643
314,3,412,601
314,4,305,576
314,5,463,624
315,1,439,603
315,2,426,643
315,3,410,601
315,4,303,576
315,5,464,624
316,1,440,604
316,2,428,643
316,3,408,601
316,4,301,576
316,5,465,624
317,1,441,605
317,2,429,643
317,3,405,602
317,4,300,576
317,5,466,624
318,1,442,605
318,2,430,643
318,3,403,602
318,4,297,576
318,5,467,623
319,1,443,606
319,2,431,643
319,3,402,604
319,4,295,576
319,5,468,623
320,1,444,606
320,2,432,640
320,3,401,603
320,4,293,576
320,5,469,623
321,1,445,607
321,2,435,638
321,3,400,604
321,4,291,576
321,5,470,623
322,1,446,608
322,2,436,638
322,3,399,604
322,4,290,576
322,5,471,623
323,1,447,608
323,2,439,638
323,3,397,602
323,4,287,576
323,5,471,622
324,1,448,609
324,2,441,638
324,3,395,601
324,4,285,576
324,5,472,622
325,1,448,610
325,2,443,637
325,3,395,599
325,4,283,576
325,5,473,622
326,1,449,611
326,2,444,638
326,3,392,597
326,4,282,577
326,5,474,621
327,1,448,612
327,2,446,638
327,3,391,595
327,4,281,577
327,5,475,622
328,1,448,613
328,2,448,638
328,3,390,597
328,4,279,577
328,5,476,622
329,1,448,615
329,2,451,638
329,3,387,598
329,4,278,577
329,5,477,621
330,1,447,617
330,2,453,637
330,3,385,599
330,4,276,577
330,5,476,618
331,1,447,618
331,2,454,637
331,3,383,600
331,4,274,577
331,5,475,613
332,1,448,619
332,2,455,637
332,3,381,601
332,4,273,577
332,5,476,610
333,1,448,619
333,2,457,638
333,3,380,602
333,4,272,577
333,5,475,606
334,1,448,621
334,2,458,638
334,3,378,603
334,4,270,577
334,5,474,603
335,1,449,621
335,2,460,638
335,3,377,604
335,4,269,577
335,5,475,601
336,1,449,622
336,2,461,639
336,3,375,604
336,4,267,577
336,5,476,598
337,1,449,624
337,2,463,639
337,3,374,606
337,4,266,577
337,5,477,597
338,1,449,625
338,2,464,639
338,3,372,606
338,4,264,577
338,5,479,595
339,1,451,625
339,2,465,639
339,3,371,607
339,4,263,577
339,5,481,593
340,1,450,626
340,2,466,639
340,3,370,608
340,4,262,578
340,5,482,591
341,1,452,628
341,2,468,639
341,3,369,608
341,4,260,578
341,5,483,589
342,1,452,628
342,2,468,638
342,3,368,609
342,4,259,578
342,5,484,587
343,1,452,629
343,2,471,638
343,3,367,610
343,4,257,578
343,5,486,585
344,1,452,629
344,2,472,638
344,3,366,610
344,4,256,578
344,5,486,584
345,1,453,631
345,2,472,638
345,3,364,610
345,4,254,578
345,5,488,582
346,1,454,631
346,2,474,638
346,3,363,609
346,4,253,578
346,5,489,580
347,1,454,633
347,2,475,638
347,3,360,608
347,4,251,576
347,5,490,579
348,1,454,633
348,2,476,638
348,3,358,608
348,4,250,577
348,5,491,576
349,1,454,633
349,2,477,638
349,3,357,608
349,4,248,577
349,5,492,576
350,1,454,634
350,2,478,638
350,3,355,608
350,4,247,577
350,5,493,575
351,1,455,636
351,2,479,638
351,3,355,610
351,4,246,577
351,5,495,573
352,1,454,636
352,2,480,638
352,3,352,611
352,4,245,577
352,5,496,571
353,1,452,638
353,2,480,638
353,3,350,612
353,4,244,577
353,5,497,570
354,1,450,639
354,2,481,638
354,3,348,612
354,4,243,577
354,5,498,568
355,1,448,638
355,2,482,638
355,3,347,610
355,4,241,577
355,5,498,567
356,1,444,636
356,2,483,638
356,3,345,609
356,4,240,577
356,5,500,567
357,1,440,635
357,2,484,638
357,3,344,609
357,4,239,577
357,5,502,564
358,1,437,632
358,2,485,637
358,3,341,609
358,4,238,577
358,5,502,564
359,1,436,630
359,2,485,638
359,3,340,609
359,4,236,577
359,5,503,563
360,1,434,631
360,2,486,637
360,3,338,610
360,4,235,577
360,5,504,562
361,1,432,631
361,2,487,637
361,3,336,611
361,4,234,577
361,5,504,561
362,1,430,630
362,2,487,638
362,3,334,611
362,4,233,577
362,5,505,560
363,1,429,629
363,2,488,637
363,3,332,612
363,4,232,577
363,5,507,559
364,1,428,629
364,2,489,637
364,3,331,612
364,4,231,577
364,5,507,557
365,1,428,629
365,2,489,637
365,3,329,613
365,4,230,577
365,5,508,556
366,1,428,629
366,2,490,639
366,3,327,613
366,4,229,577
366,5,509,555
367,1,426,630
367,2,490,638
367,3,326,612
367,4,228,577
367,5,510,554
368,1,424,631
368,2,492,638
368,3,325,613
368,4,227,577
368,5,511,553
369,1,423,632
369,2,493,638
369,3,323,612
369,4,227,579
369,5,511,552
370,1,422,633
370,2,494,637
370,3,322,613
370,4,226,584
370,5,512,551
371,1,421,631
371,2,495,637
371,3,321,613
371,4,225,587
371,5,513,550
372,1,418,627
372,2,497,637
372,3,319,614
372,4,223,590
372,5,514,549
373,1,415,623
373,2,499,637
373,3,316,612
373,4,221,592
373,5,514,548
374,1,414,621
374,2,500,636
374,3,313,611
374,4,219,593
374,5,515,547
375,1,413,618
375,2,503,636
375,3,312,609
375,4,217,595
375,5,515,546
376,1,411,616
376,2,504,635
376,3,311,608
376,4,215,596
376,5,516,546
377,1,409,614
377,2,504,635
377,3,310,609
377,4,214,599
377,5,517,545
378,1,408,613
378,2,506,635
378,3,308,610
378,4,212,600
378,5,518,544
379,1,407,612
379,2,507,635
379,3,306,610
379,4,210,602
379,5,518,543
380,1,405,610
380,2,508,635
380,3,305,608
380,4,210,603
380,5,519,542
381,1,404,609
381,2,509,635
381,3,303,609
381,4,207,605
381,5,520,542
382,1,402,609
382,2,511,635
382,3,301,609
382,4,206,607
382,5,520,540
383,1,401,607
383,2,512,634
383,3,299,609
383,4,205,610
383,5,517,538
384,1,400,606
384,2,513,634
384,3,298,610
384,4,203,610
384,5,512,533
385,1,398,605
385,2,514,634
385,3,297,610
385,4,203,611
385,5,507,532
386,1,397,605
386,2,515,634
386,3,296,610
386,4,201,613
386,5,503,530
387,1,395,605
387,2,516,633
387,3,294,612
387,4,200,614
387,5,501,529
388,1,394,604
388,2,517,633
388,3,293,612
388,4,199,616
388,5,499,527
389,1,393,603
389,2,518,633
389,3,292,612
389,4,197,617
389,5,497,525
390,1,393,602
390,2,519,633
390,3,290,611
390,4,196,618
390,5,495,523
391,1,391,602
391,2,520,633
391,3,290,612
391,4,195,619
391,5,493,522
392,1,390,602
392,2,522,633
392,3,290,612
392,4,193,615
392,5,492,520
393,1,389,601
393,2,523,633
393,3,290,612
393,4,190,607
393,5,490,518
394,1,388,600
394,2,523,633
394,3,292,612
394,4,192,592
394,5,488,516
395,1,387,600
395,2,524,633
395,3,294,612
395,4,203,580
395,5,488,515
396,1,386,599
396,2,524,633
396,3,297,610
396,4,213,571
396,5,486,514
397,1,385,599
397,2,526,633
397,3,303,608
397,4,216,562
397,5,486,512
398,1,384,598
398,2,528,633
398,3,310,607
398,4,221,554
398,5,484,510
399,1,383,598
399,2,528,632
399,3,313,606
399,4,224,548
399,5,483,509
400,1,383,598
400,2,528,632
400,3,316,607
400,4,227,542
400,5,482,508
401,1,382,597
401,2,529,632
401,3,318,606
401,4,231,536
401,5,481,506
402,1,381,597
402,2,531,632
402,3,321,606
402,4,235,531
402,5,480,505
403,1,380,597
403,2,531,632
403,3,323,608
403,4,237,525
403,5,478,504
404,1,379,596
404,2,532,632
404,3,324,608
404,4,241,519
404,5,478,503
405,1,379,596
405,2,532,632
405,3,326,608
405,4,246,516
405,5,477,501
406,1,378,596
406,2,534,632
406,3,328,609
406,4,249,511
406,5,475,503
407,1,377,595
407,2,535,632
407,3,328,609
407,4,252,507
407,5,470,507
408,1,376,595
408,2,535,632
408,3,329,609
408,4,256,504
408,5,466,511
409,1,375,595
409,2,535,634
409,3,332,608
409,4,261,500
409,5,465,517
410,1,374,594
410,2,533,637
410,3,333,605
410,4,263,497
410,5,463,521
411,1,373,594
411,2,532,640
411,3,335,605
411,4,267,493
411,5,460,524
412,1,373,594
412,2,530,641
412,3,336,605
412,4,271,490
412,5,459,526
413,1,373,594
413,2,530,640
413,3,336,606
413,4,274,487
413,5,457,529
414,1,372,594
414,2,531,639
414,3,339,606
414,4,277,484
414,5,454,530
415,1,371,593
415,2,530,639
415,3,341,607
415,4,280,481
415,5,451,532
416,1,370,593
416,2,530,638
416,3,343,608
416,4,284,479
416,5,449,534
417,1,369,592
417,2,531,638
417,3,346,607
417,4,287,475
417,5,446,536
418,1,369,592
418,2,531,637
418,3,349,605
418,4,290,473
418,5,444,539
419,1,368,591
419,2,531,637
419,3,352,605
419,4,293,471
419,5,442,539
420,1,368,592
420,2,533,638
420,3,354,604
420,4,296,468
420,5,441,541
421,1,367,591
421,2,532,638
421,3,358,604
421,4,299,466
421,5,438,543
422,1,366,590
422,2,534,639
422,3,361,604
422,4,302,464
422,5,436,545
423,1,365,590
423,2,534,638
423,3,363,605
423,4,305,462
423,5,435,547
424,1,365,590
424,2,534,638
424,3,365,605
424,4,308,460
424,5,433,548
425,1,364,589
425,2,535,638
425,3,368,605
425,4,311,458
425,5,431,550
426,1,364,589
426,2,535,638
426,3,369,605
426,4,313,456
426,5,429,551
427,1,364,588
427,2,535,638
427,3,371,606
427,4,316,454
427,5,428,553
428,1,366,584
428,2,535,637
428,3,373,606
428,4,318,452
428,5,427,554
429,1,367,581
429,2,535,638
429,3,375,606
429,4,321,451
429,5,425,555
430,1,367,578
430,2,535,638
430,3,376,605
430,4,323,449
430,5,422,556
431,1,367,576
431,2,536,637
431,3,378,603
431,4,325,447
431,5,420,556
432,1,367,574
432,2,536,638
432,3,380,602
432,4,327,445
432,5,418,557
433,1,366,573
433,2,537,638
433,3,382,601
433,4,330,445
433,5,417,559
434,1,366,571
434,2,537,638
434,3,382,600
434,4,332,443
434,5,415,560
435,1,365,570
435,2,537,637
435,3,384,600
435,4,334,441
435,5,414,562
436,1,364,568
436,2,538,637
436,3,386,601
436,4,337,440
436,5,412,565
437,1,362,566
437,2,538,637
437,3,388,600
437,4,339,438
437,5,409,567
438,1,362,565
438,2,538,636
438,3,391,601
438,4,342,437
438,5,408,568
439,1,361,563
439,2,538,636
439,3,393,602
439,4,344,436
439,5,406,569
440,1,360,563
440,2,539,636
440,3,394,602
440,4,346,434
440,5,405,571
441,1,359,562
441,2,539,637
441,3,395,602
441,4,349,432
441,5,403,572
442,1,359,561
442,2,539,638
442,3,395,603
442,4,351,430
442,5,401,573
443,1,358,559
443,2,538,638
443,3,396,603
443,4,353,429
443,5,400,575
444,1,357,558
444,2,539,638
444,3,396,602
444,4,355,428
444,5,398,576
445,1,356,557
445,2,538,637
445,3,397,601
445,4,358,427
445,5,396,577
446,1,355,555
446,2,535,636
446,3,399,598
446,4,360,426
446,5,395,578
447,1,355,554
447,2,531,635
447,3,400,597
447,4,361,425
447,5,394,579
448,1,355,553
448,2,528,630
448,3,403,598
448,4,363,423
448,5,392,580
449,1,354,552
449,2,523,627
449,3,403,597
449,4,365,422
449,5,391,582
450,1,354,552
450,2,516,622
450,3,405,597
450,4,367,421
450,5,390,582
451,1,353,550
451,2,512,617
451,3,405,597
451,4,369,420
451,5,388,583
452,1,352,549
452,2,509,612
452,3,408,598
452,4,370,419
452,5,387,584
453,1,352,548
453,2,506,608
453,3,407,598
453,4,372,418
453,5,386,584
454,1,351,547
454,2,505,605
454,3,408,598
454,4,374,417
454,5,386,584
455,1,350,546
455,2,501,604
455,3,410,598
455,4,376,415
455,5,385,583
456,1,350,545
456,2,500,602
456,3,412,598
456,4,378,414
456,5,386,583
457,1,350,544
457,2,496,601
457,3,413,598
457,4,379,413
457,5,386,583
458,1,349,544
458,2,494,600
458,3,415,599
458,4,381,412
458,5,386,584
459,1,348,543
459,2,491,599
459,3,416,599
459,4,382,412
459,5,386,584
460,1,347,542
460,2,489,598
460,3,417,600
460,4,387,414
460,5,386,584
461,1,348,541
461,2,486,597
461,3,418,599
461,4,391,418
461,5,386,585
462,1,347,541
462,2,483,597
462,3,419,599
462,4,393,419
462,5,387,585
463,1,347,540
463,2,480,596
463,3,420,599
463,4,397,420
463,5,387,586
464,1,346,539
464,2,477,596
464,3,421,598
464,4,399,420
464,5,387,586
465,1,346,538
465,2,476,595
465,3,424,595
465,4,401,420
465,5,387,586
466,1,345,538
466,2,474,594
466,3,426,594
466,4,405,422
466,5,387,586
467,1,345,536
467,2,471,593
467,3,427,595
467,4,408,422
467,5,387,586
468,1,344,535
468,2,468,593
468,3,428,595
468,4,410,422
468,5,388,587
469,1,349,534
469,2,466,593
469,3,430,595
469,4,413,422
469,5,387,587
470,1,354,534
470,2,464,592
470,3,431,594
470,4,415,422
470,5,387,587
471,1,356,531
471,2,462,591
471,3,433,594
471,4,417,422
471,5,387,587
472,1,362,531
472,2,460,591
472,3,434,594
472,4,420,424
472,5,387,588
473,1,363,531
473,2,458,591
473,3,436,595
473,4,422,424
473,5,387,589
474,1,364,529
474,2,456,590
474,3,438,594
474,4,425,424
474,5,387,589
475,1,366,528
475,2,455,590
475,3,439,594
475,4,428,424
475,5,386,589
476,1,369,526
476,2,453,589
476,3,440,594
476,4,431,425
476,5,386,591
477,1,370,524
477,2,451,589
477,3,441,595
477,4,433,425
477,5,385,591
478,1,370,522
478,2,450,589
478,3,443,595
478,4,436,426
478,5,385,591
479,1,372,521
479,2,448,589
479,3,444,596
479,4,438,427
479,5,385,591
480,1,373,519
480,2,447,588
480,3,445,595
480,4,439,427
480,5,385,592
481,1,373,517
481,2,445,588
481,3,446,595
481,4,441,427
481,5,385,593
482,1,374,515
482,2,444,588
482,3,447,595
482,4,443,428
482,5,385,595
483,1,376,514
483,2,442,587
483,3,448,595
483,4,446,429
483,5,385,594
484,1,377,513
484,2,441,586
484,3,449,596
484,4,448,429
484,5,385,596
485,1,378,511
485,2,439,586
485,3,448,595
485,4,450,429
485,5,384,597
486,1,379,509
486,2,438,586
486,3,448,595
486,4,452,430
486,5,384,597
487,1,380,508
487,2,436,586
487,3,450,595
487,4,454,430
487,5,385,598
488,1,380,506
488,2,435,585
488,3,451,595
488,4,455,430
488,5,384,599
489,1,382,505
489,2,434,584
489,3,454,595
489,4,457,431
489,5,384,599
490,1,382,504
490,2,433,585
490,3,453,595
490,4,459,431
490,5,383,599
491,1,384,504
491,2,432,585
491,3,454,596
491,4,461,431
491,5,383,600
492,1,387,507
492,2,431,584
492,3,454,596
492,4,463,432
492,5,383,600
493,1,390,508
493,2,430,583
493,3,455,597
493,4,465,432
493,5,383,600
494,1,393,510
494,2,429,583
494,3,455,596
494,4,467,432
494,5,382,600
495,1,395,509
495,2,427,583
495,3,457,597
495,4,469,433
495,5,383,601
496,1,397,508
496,2,426,583
496,3,457,597
496,4,470,433
496,5,383,602
497,1,401,507
497,2,424,582
497,3,458,597
497,4,472,434
497,5,382,602
498,1,403,506
498,2,425,582
498,3,459,598
498,4,473,434
498,5,381,601
499,1,406,505
499,2,424,582
499,3,460,597
499,4,475,435
499,5,377,599
500,1,408,504
500,2,421,586
500,3,460,597
500,4,476,435
500,5,375,598
501,1,412,503
501,2,420,591
501,3,461,597
501,4,478,435
501,5,373,598
502,1,414,503
502,2,419,593
502,3,462,597
502,4,479,435
502,5,371,598
503,1,417,502
503,2,417,595
503,3,463,597
503,4,481,436
503,5,370,599
504,1,419,502
504,2,415,596
504,3,463,597
504,4,482,437
504,5,369,600
505,1,422,501
505,2,413,598
505,3,464,597
505,4,481,440
505,5,368,600
506,1,424,501
506,2,411,599
506,3,464,596
506,4,481,445
506,5,366,600
507,1,427,500
507,2,409,600
507,3,464,597
507,4,480,449
507,5,366,601
508,1,429,500
508,2,407,601
508,3,464,596
508,4,481,449
508,5,365,601
509,1,431,500
509,2,406,602
509,3,466,595
509,4,481,453
509,5,363,602
510,1,433,499
510,2,403,603
510,3,467,592
510,4,484,456
510,5,362,602
511,1,436,498
511,2,402,603
511,3,469,590
511,4,484,457
511,5,362,603
512,1,438,498
512,2,401,605
512,3,471,590
512,4,485,458
512,5,360,602
513,1,441,497
513,2,399,606
513,3,472,589
513,4,486,461
513,5,358,600
514,1,443,497
514,2,398,606
514,3,474,589
514,4,487,463
514,5,356,597
515,1,445,497
515,2,396,607
515,3,475,588
515,4,488,465
515,5,355,596
516,1,446,496
516,2,399,610
516,3,478,589
516,4,489,466
516,5,354,595
517,1,449,497
517,2,400,613
517,3,479,590
517,4,490,469
517,5,351,594
518,1,450,497
518,2,405,615
518,3,482,590
518,4,490,472
518,5,349,594
519,1,452,497
519,2,410,617
519,3,482,590
519,4,492,473
519,5,348,594
520,1,453,497
520,2,413,618
520,3,484,590
520,4,493,474
520,5,347,594
521,1,455,497
521,2,415,620
521,3,486,592
521,4,493,477
521,5,345,593
522,1,457,496
522,2,417,620
522,3,487,592
522,4,493,478
522,5,344,594
523,1,459,495
523,2,419,620
523,3,488,592
523,4,495,480
523,5,342,594
524,1,459,495
524,2,421,620
524,3,487,594
524,4,495,482
524,5,340,594
525,1,461,495
525,2,422,620
525,3,486,596
525,4,498,483
525,5,339,594
526,1,462,495
526,2,423,621
526,3,484,597
526,4,500,485
526,5,337,594
527,1,464,495
527,2,423,621
527,3,480,596
527,4,501,485
527,5,336,594
528,1,466,495
528,2,424,622
528,3,475,595
528,4,501,489
528,5,335,595
529,1,467,494
529,2,425,621
529,3,470,594
529,4,499,492
529,5,334,595
530,1,469,494
530,2,425,621
530,3,467,595
530,4,497,498
530,5,333,595
531,1,470,494
531,2,425,622
531,3,465,595
531,4,496,502
531,5,332,595
532,1,472,494
532,2,426,623
532,3,464,595
532,4,495,506
532,5,331,595
533,1,473,494
533,2,427,623
533,3,462,595
533,4,495,509
533,5,330,597
534,1,474,494
534,2,429,621
534,3,461,595
534,4,494,512
534,5,329,600
535,1,475,493
535,2,432,617
535,3,460,596
535,4,494,516
535,5,330,602
536,1,477,493
536,2,435,613
536,3,459,595
536,4,493,519
536,5,332,603
537,1,477,492
537,2,437,606
537,3,458,596
537,4,492,523
537,5,333,602
538,1,478,492
538,2,439,602
538,3,458,595
538,4,492,525
538,5,334,601
539,1,480,492
539,2,441,598
539,3,457,596
539,4,491,528
539,5,335,600
540,1,482,492
540,2,442,598
540,3,458,595
540,4,491,531
540,5,335,599
541,1,482,491
541,2,444,596
541,3,457,595
541,4,490,534
541,5,336,599
542,1,484,491
542,2,446,595
542,3,457,595
542,4,489,537
542,5,335,599
543,1,485,491
543,2,449,593
543,3,457,596
543,4,488,539
543,5,336,599
544,1,485,491
544,2,451,591
544,3,457,595
544,4,487,541
544,5,336,599
545,1,486,491
545,2,453,592
545,3,457,595
545,4,486,544
545,5,335,600
546,1,487,491
546,2,455,591
546,3,457,595
546,4,486,546
546,5,334,600
547,1,488,490
547,2,456,590
547,3,457,595
547,4,485,549
547,5,335,599
548,1,490,489
548,2,457,589
548,3,457,595
548,4,485,551
548,5,336,600
549,1,491,487
549,2,459,587
549,3,457,595
549,4,484,554
549,5,340,599
550,1,492,487
550,2,461,587
550,3,457,595
550,4,483,556
550,5,343,598
551,1,494,488
551,2,463,586
551,3,456,595
551,4,483,557
551,5,347,597
552,1,496,489
552,2,464,586
552,3,456,595
552,4,482,560
552,5,350,595
553,1,496,491
553,2,464,586
553,3,456,594
553,4,481,562
553,5,355,594
554,1,498,491
554,2,465,588
554,3,456,595
554,4,481,563
554,5,358,592
555,1,500,491
555,2,465,591
555,3,456,595
555,4,480,566
555,5,360,590
556,1,503,493
556,2,465,591
556,3,456,595
556,4,479,567
556,5,363,591
557,1,505,492
557,2,465,593
557,3,456,595
557,4,479,569
557,5,365,590
558,1,506,493
558,2,465,593
558,3,456,595
558,4,478,570
558,5,366,589
559,1,507,493
559,2,466,593
559,3,455,594
559,4,477,572
559,5,369,589
560,1,509,494
560,2,468,593
560,3,455,594
560,4,477,574
560,5,370,590
561,1,510,494
561,2,470,594
561,3,455,594
561,4,476,576
561,5,373,590
562,1,512,494
562,2,471,594
562,3,451,591
562,4,476,578
562,5,374,590
563,1,513,494
563,2,472,594
563,3,447,588
563,4,476,579
563,5,377,590
564,1,515,495
564,2,474,594
564,3,442,588
564,4,475,581
564,5,378,591
565,1,516,495
565,2,475,594
565,3,441,587
565,4,473,583
565,5,380,590
566,1,518,496
566,2,476,594
566,3,439,586
566,4,473,584
566,5,382,590
567,1,518,496
567,2,478,595
567,3,437,587
567,4,472,586
567,5,384,588
568,1,520,497
568,2,479,595
568,3,435,588
568,4,472,588
568,5,387,587
569,1,521,499
569,2,480,596
569,3,433,590
569,4,472,589
569,5,390,588
570,1,519,503
570,2,482,596
570,3,432,590
570,4,472,591
570,5,393,588
571,1,517,507
571,2,482,596
571,3,430,591
571,4,473,594
571,5,396,590
572,1,514,511
572,2,483,596
572,3,428,592
572,4,473,596
572,5,399,591
573,1,512,513
573,2,484,597
573,3,428,592
573,4,473,597
573,5,403,592
574,1,511,516
574,2,485,597
574,3,426,594
574,4,473,599
574,5,406,593
575,1,510,517
575,2,486,597
575,3,424,595
575,4,473,600
575,5,408,593
576,1,510,520
576,2,487,598
576,3,423,596
576,4,473,601
576,5,411,593
577,1,509,522
577,2,488,598
577,3,422,596
577,4,473,602
577,5,413,593
578,1,510,524
578,2,488,598
578,3,421,597
578,4,472,603
578,5,415,593
579,1,509,527
579,2,490,598
579,3,420,598
579,4,472,604
579,5,417,594
580,1,509,529
580,2,490,599
580,3,419,599
580,4,473,606
580,5,419,596
581,1,508,531
581,2,491,599
581,3,418,599
581,4,472,607
581,5,423,596
582,1,508,534
582,2,492,599
582,3,418,599
582,4,472,608
582,5,425,596
583,1,507,535
583,2,493,599
583,3,417,600
583,4,472,609
583,5,427,596
584,1,507,537
584,2,494,599
584,3,417,600
584,4,471,610
584,5,429,597
585,1,507,538
585,2,494,600
585,3,415,600
585,4,472,612
585,5,431,598
586,1,507,540
586,2,495,600
586,3,415,600
586,4,472,613
586,5,433,598
587,1,506,541
587,2,496,600
587,3,413,599
587,4,472,614
587,5,434,598
588,1,503,543
588,2,496,600
588,3,412,600
588,4,471,615
588,5,436,598
589,1,498,544
589,2,497,601
589,3,410,599
589,4,471,615
589,5,438,598
590,1,496,544
590,2,498,601
590,3,410,599
590,4,469,615
590,5,440,597
591,1,493,544
591,2,499,601
591,3,409,599
591,4,466,613
591,5,442,595
592,1,492,545
592,2,499,600
592,3,408,599
592,4,463,612
592,5,444,595
593,1,489,547
593,2,499,601
593,3,407,598
593,4,460,610
593,5,446,595
594,1,487,548
594,2,500,601
594,3,406,598
594,4,457,606
594,5,447,594
595,1,485,549
595,2,501,601
595,3,406,596
595,4,454,603
595,5,448,594
596,1,484,550
596,2,502,601
596,3,404,596
596,4,453,601
596,5,450,594
597,1,482,552
597,2,502,601
597,3,405,597
597,4,451,599
597,5,452,594
598,1,481,553
598,2,503,601
598,3,404,597
598,4,450,598
598,5,454,593
599,1,479,554
599,2,503,602
599,3,403,598
599,4,448,597
599,5,455,593
600,1,477,556
600,2,503,602
600,3,400,597
600,4,447,595
600,5,454,593
601,1,476,557
601,2,505,602
601,3,400,597
601,4,445,594
601,5,457,593
602,1,474,558
602,2,505,603
602,3,398,596
602,4,444,593
602,5,459,593
603,1,473,560
603,2,506,603
603,3,396,597
603,4,442,593
603,5,461,593
604,1,471,561
604,2,506,603
604,3,394,595
604,4,441,593
604,5,462,592
605,1,470,562
605,2,507,603
605,3,394,595
605,4,439,592
605,5,461,593
606,1,469,562
606,2,508,603
606,3,393,594
606,4,437,591
606,5,465,593
607,1,468,563
607,2,509,601
607,3,391,595
607,4,435,590
607,5,470,593
608,1,467,564
608,2,511,598
608,3,391,595
608,4,433,590
608,5,471,593
609,1,466,565
609,2,512,592
609,3,389,595
609,4,432,590
609,5,472,592
610,1,465,565
610,2,513,589
610,3,388,595
610,4,430,589
610,5,472,592
611,1,463,567
611,2,514,587
611,3,385,596
611,4,429,588
611,5,475,593
612,1,461,568
612,2,515,585
612,3,383,596
612,4,427,590
612,5,476,594
613,1,460,570
613,2,516,583
613,3,382,596
613,4,426,591
613,5,476,595
614,1,459,570
614,2,517,580
614,3,381,595
614,4,425,591
614,5,476,598
615,1,459,571
615,2,519,578
615,3,381,595
615,4,423,591
615,5,476,598
616,1,458,572
616,2,520,577
616,3,380,595
616,4,422,592
616,5,476,598
617,1,457,573
617,2,521,576
617,3,379,596
617,4,422,591
617,5,476,598
618,1,455,574
618,2,522,575
618,3,378,596
618,4,420,592
618,5,477,598
619,1,455,575
619,2,523,573
619,3,377,596
619,4,419,591
619,5,481,597
620,1,454,575
620,2,524,572
620,3,378,595
620,4,418,592
620,5,481,596
621,1,453,576
621,2,525,571
621,3,377,596
621,4,417,591
621,5,482,595
622,1,452,576
622,2,526,570
622,3,375,596
622,4,417,592
622,5,484,594
623,1,451,577
623,2,527,568
623,3,375,596
623,4,416,592
623,5,485,593
624,1,450,578
624,2,528,568
624,3,376,595
624,4,415,593
624,5,486,592
625,1,448,576
625,2,529,567
625,3,377,596
625,4,414,595
625,5,488,592
626,1,446,573
626,2,530,566
626,3,380,595
626,4,413,594
626,5,488,592
627,1,443,573
627,2,531,566
627,3,386,595
627,4,413,594
627,5,489,592
628,1,440,571
628,2,532,565
628,3,392,593
628,4,411,593
628,5,490,592
629,1,439,570
629,2,533,563
629,3,397,590
629,4,410,594
629,5,491,592
630,1,438,569
630,2,533,563
630,3,401,589
630,4,409,593
630,5,492,591
631,1,436,569
631,2,534,562
631,3,402,588
631,4,409,593
631,5,492,591
632,1,435,569
632,2,535,561
632,3,405,588
632,4,407,592
632,5,492,591
633,1,433,569
633,2,536,561
633,3,408,587
633,4,406,592
633,5,493,591
634,1,431,569
634,2,537,560
634,3,409,586
634,4,404,593
634,5,493,591
635,1,429,568
635,2,537,560
635,3,411,588
635,4,404,593
635,5,494,591
636,1,428,568
636,2,538,559
636,3,412,588
636,4,403,593
636,5,495,591
637,1,426,568
637,2,539,558
637,3,412,587
637,4,401,593
637,5,496,591
638,1,425,567
638,2,539,558
638,3,412,588
638,4,400,592
638,5,497,590
639,1,424,568
639,2,540,557
639,3,413,589
639,4,399,593
639,5,498,590
640,1,422,569
640,2,540,556
640,3,415,591
640,4,397,590
640,5,498,589
641,1,420,569
641,2,540,554
641,3,420,589
641,4,398,586
641,5,499,589
642,1,420,568
642,2,537,551
642,3,423,591
642,4,399,580
642,5,499,589
643,1,419,568
643,2,534,548
643,3,427,588
643,4,400,577
643,5,500,587
644,1,418,568
644,2,529,545
644,3,430,590
644,4,401,572
644,5,499,586
645,1,417,568
645,2,526,543
645,3,433,592
645,4,402,571
645,5,499,585
646,1,416,568
646,2,523,541
646,3,435,593
646,4,402,568
646,5,499,584
647,1,415,568
647,2,522,540
647,3,437,593
647,4,404,566
647,5,499,582
648,1,413,567
648,2,520,537
648,3,439,592
648,4,403,564
648,5,499,581
649,1,412,567
649,2,519,536
649,3,440,593
649,4,403,561
649,5,501,580
650,1,410,567
650,2,516,534
650,3,442,591
650,4,403,558
650,5,501,579
651,1,408,565
651,2,515,532
651,3,444,590
651,4,403,556
651,5,502,579
652,1,406,564
652,2,514,531
652,3,446,589
652,4,403,554
652,5,503,578
653,1,406,564
653,2,512,529
653,3,448,589
653,4,403,552
653,5,505,577
654,1,407,563
654,2,511,528
654,3,449,589
654,4,402,550
654,5,505,576
655,1,405,564
655,2,510,527
655,3,451,589
655,4,402,549
655,5,507,576
656,1,405,564
656,2,509,526
656,3,452,589
656,4,402,548
656,5,508,575
657,1,405,565
657,2,507,525
657,3,454,589
657,4,402,545
657,5,508,574
658,1,399,567
658,2,506,523
658,3,454,589
658,4,401,544
658,5,508,572
659,1,400,567
659,2,505,521
659,3,456,589
659,4,401,542
659,5,508,571
660,1,398,567
660,2,504,521
660,3,458,589
660,4,400,540
660,5,508,570
661,1,398,566
661,2,503,520
661,3,459,590
661,4,401,539
661,5,509,569
662,1,396,566
662,2,502,518
662,3,460,590
662,4,400,538
662,5,509,567
663,1,395,567
663,2,502,517
663,3,462,590
663,4,399,537
663,5,510,567
664,1,395,567
664,2,500,516
664,3,462,590
664,4,399,536
664,5,512,566
665,1,394,568
665,2,500,515
665,3,464,590
665,4,399,534
665,5,513,565
666,1,393,569
666,2,499,514
666,3,464,591
666,4,399,533
666,5,515,563
667,1,392,569
667,2,498,513
667,3,466,591
667,4,399,531
667,5,517,562
668,1,391,569
668,2,496,511
668,3,466,591
668,4,398,529
668,5,518,561
669,1,390,570
669,2,496,511
669,3,467,591
669,4,398,528
669,5,519,559
670,1,389,570
670,2,495,510
670,3,468,591
670,4,398,527
670,5,520,558
671,1,389,569
671,2,494,509
671,3,469,591
671,4,398,526
671,5,520,557
672,1,387,569
672,2,493,507
672,3,471,591
672,4,400,524
672,5,522,555
673,1,386,569
673,2,493,507
673,3,471,590
673,4,404,523
673,5,523,554
674,1,386,570
674,2,492,506
674,3,471,590
674,4,406,522
674,5,524,553
675,1,386,570
675,2,491,505
675,3,474,589
675,4,408,519
675,5,525,552
676,1,385,569
676,2,490,504
676,3,476,589
676,4,408,515
676,5,526,551
677,1,384,569
677,2,492,503
677,3,478,588
677,4,408,512
677,5,527,549
678,1,383,566
678,2,494,499
678,3,480,588
678,4,409,510
678,5,527,549
679,1,383,563
679,2,498,497
679,3,481,588
679,4,409,508
679,5,526,547
680,1,384,558
680,2,501,496
680,3,483,588
680,4,409,504
680,5,526,545
681,1,386,553
681,2,505,495
681,3,485,588
681,4,409,501
681,5,525,543
682,1,386,550
682,2,505,493
682,3,486,589
682,4,410,499
682,5,524,542
683,1,388,547
683,2,507,491
683,3,487,589
683,4,411,496
683,5,524,541
684,1,389,544
684,2,508,490
684,3,489,589
684,4,411,494
684,5,523,540
685,1,388,541
685,2,509,488
685,3,490,590
685,4,413,491
685,5,523,539
686,1,388,540
686,2,510,487
686,3,492,590
686,4,413,489
686,5,524,539
687,1,387,537
687,2,510,486
687,3,493,590
687,4,413,487
687,5,524,538
688,1,388,535
688,2,512,484
688,3,494,591
688,4,414,484
688,5,524,537
689,1,387,532
689,2,513,483
689,3,495,591
689,4,414,483
689,5,524,536
690,1,387,530
690,2,514,481
690,3,497,591
690,4,416,480
690,5,523,533
691,1,387,528
691,2,514,480
691,3,499,591
691,4,416,478
691,5,524,533
692,1,386,526
692,2,515,479
692,3,500,592
692,4,417,475
692,5,524,532
693,1,386,523
693,2,516,478
693,3,500,592
693,4,417,473
693,5,524,531
694,1,386,521
694,2,518,478
694,3,501,592
694,4,417,471
694,5,524,530
695,1,386,520
695,2,518,476
695,3,501,592
695,4,418,469
695,5,524,530
696,1,385,518
696,2,519,475
696,3,502,592
696,4,418,467
696,5,524,528
697,1,385,515
697,2,520,474
697,3,503,593
697,4,418,466
697,5,524,526
698,1,385,514
698,2,521,474
698,3,504,592
698,4,419,464
698,5,524,525
699,1,384,512
699,2,521,472
699,3,504,592
699,4,419,461
699,5,524,525
700,1,384,510
700,2,522,472
700,3,504,591
700,4,420,459
700,5,524,524
701,1,384,509
701,2,523,471
701,3,505,590
701,4,421,457
701,5,524,523
702,1,388,508
702,2,523,470
702,3,505,590
702,4,421,455
702,5,524,522
703,1,393,509
703,2,524,469
703,3,507,588
703,4,421,454
703,5,524,521
704,1,398,510
704,2,525,469
704,3,508,588
704,4,421,451
704,5,524,520
705,1,403,513
705,2,526,468
705,3,509,587
705,4,421,450
705,5,524,519
706,1,406,516
706,2,528,470
706,3,510,587
706,4,421,448
706,5,524,518
707,1,408,516
707,2,529,472
707,3,510,587
707,4,423,447
707,5,524,517
708,1,412,518
708,2,531,472
708,3,512,586
708,4,423,446
708,5,524,516
709,1,414,518
709,2,533,472
709,3,513,585
709,4,424,444
709,5,524,516
710,1,416,517
710,2,532,472
710,3,513,584
710,4,424,441
710,5,524,515
711,1,419,517
711,2,534,472
711,3,515,584
711,4,424,440
711,5,524,514
712,1,422,518
712,2,535,473
712,3,516,584
712,4,424,438
712,5,524,513
713,1,425,518
713,2,535,473
713,3,517,584
713,4,423,437
713,5,524,512
714,1,427,518
714,2,536,472
714,3,519,584
714,4,424,435
714,5,524,511
715,1,429,518
715,2,537,472
715,3,519,584
715,4,424,434
715,5,525,512
716,1,431,517
716,2,539,472
716,3,520,584
716,4,424,433
716,5,525,511
717,1,434,517
717,2,539,472
717,3,521,584
717,4,425,431
717,5,525,511
718,1,436,517
718,2,540,472
718,3,522,585
718,4,424,429
718,5,525,510
719,1,438,517
719,2,540,472
719,3,523,585
719,4,424,428
719,5,525,509
720,1,440,517
720,2,541,471
720,3,523,584
720,4,424,427
720,5,525,508
721,1,442,517
721,2,542,471
721,3,524,584
721,4,425,426
721,5,525,508
722,1,445,517
722,2,543,472
722,3,524,584
722,4,426,425
722,5,525,507
723,1,447,518
723,2,544,471
723,3,525,585
723,4,425,422
723,5,525,506
724,1,448,518
724,2,545,471
724,3,526,584
724,4,425,421
724,5,524,505
725,1,450,518
725,2,546,470
725,3,527,584
725,4,425,420
725,5,524,504
726,1,452,518
726,2,546,470
726,3,527,584
726,4,426,418
726,5,524,504
727,1,454,518
727,2,546,470
727,3,528,584
727,4,423,416
727,5,524,503
728,1,456,518
728,2,548,470
728,3,528,584
728,4,420,413
728,5,524,502
729,1,458,518
729,2,548,469
729,3,529,584
729,4,419,412
729,5,524,502
730,1,459,518
730,2,548,468
730,3,529,586
730,4,418,410
730,5,524,501
731,1,461,518
731,2,549,468
731,3,525,588
731,4,418,407
731,5,525,501
732,1,462,519
732,2,550,468
732,3,522,589
732,4,419,405
732,5,524,500
733,1,462,524
733,2,550,468
733,3,517,591
733,4,418,402
733,5,521,499
734,1,463,526
734,2,551,468
734,3,513,590
734,4,418,399
734,5,519,498
735,1,464,527
735,2,552,468
735,3,509,592
735,4,417,396
735,5,519,497
736,1,467,527
736,2,554,467
736,3,506,591
736,4,418,394
736,5,518,494
737,1,470,529
737,2,554,466
737,3,505,592
737,4,417,391
737,5,518,493
738,1,473,529
738,2,554,465
738,3,502,592
738,4,417,389
738,5,517,491
739,1,475,530
739,2,554,463
739,3,501,592
739,4,416,386
739,5,518,489
740,1,478,531
740,2,554,462
740,3,501,592
740,4,417,384
740,5,517,488
741,1,480,532
741,2,555,461
741,3,500,591
741,4,416,382
741,5,516,486
742,1,483,532
742,2,555,459
742,3,499,592
742,4,416,380
742,5,516,485
743,1,486,534
743,2,554,458
743,3,498,591
743,4,415,378
743,5,515,481
744,1,487,534
744,2,555,457
744,3,497,591
744,4,415,376
744,5,515,479
745,1,489,535
745,2,556,457
745,3,495,592
745,4,415,373
745,5,514,478
746,1,491,536
746,2,556,456
746,3,495,592
746,4,414,371
746,5,514,477
747,1,493,537
747,2,556,456
747,3,493,591
747,4,414,369
747,5,514,476
748,1,495,537
748,2,557,455
748,3,491,590
748,4,414,367
748,5,514,475
749,1,497,538
749,2,558,454
749,3,491,587
749,4,413,365
749,5,513,474
750,1,499,539
750,2,558,454
750,3,490,587
750,4,412,363
750,5,512,473
751,1,501,539
751,2,558,454
751,3,489,588
751,4,412,361
751,5,511,472
752,1,502,540
752,2,559,453
752,3,488,588
752,4,412,359
752,5,510,471
753,1,505,540
753,2,560,452
753,3,486,589
753,4,411,357
753,5,510,470
754,1,506,541
754,2,560,452
754,3,484,589
754,4,411,355
754,5,510,469
755,1,508,542
755,2,560,452
755,3,484,590
755,4,411,353
755,5,511,468
756,1,510,543
756,2,561,452
756,3,482,590
756,4,411,352
756,5,512,466
757,1,511,543
757,2,561,452
757,3,482,591
757,4,410,350
757,5,512,464
758,1,513,543
758,2,562,452
758,3,481,591
758,4,410,348
758,5,513,463
759,1,515,544
759,2,562,450
759,3,480,592
759,4,410,346
759,5,513,461
760,1,517,545
760,2,562,450
760,3,480,592
760,4,409,344
760,5,513,461
761,1,518,546
761,2,562,451
761,3,478,593
761,4,408,342
761,5,513,459
762,1,520,546
762,2,562,451
762,3,478,594
762,4,408,341
762,5,513,458
763,1,522,547
763,2,563,450
763,3,477,594
763,4,408,339
763,5,513,457
764,1,523,548
764,2,564,450
764,3,477,595
764,4,408,337
764,5,512,457
765,1,524,548
765,2,564,449
765,3,476,595
765,4,407,336
765,5,511,454
766,1,526,548
766,2,564,449
766,3,475,595
766,4,407,334
766,5,511,453
767,1,527,549
767,2,565,449
767,3,473,594
767,4,406,331
767,5,510,451
768,1,528,549
768,2,565,449
768,3,472,593
768,4,406,330
768,5,510,450
769,1,530,550
769,2,565,449
769,3,471,593
769,4,406,328
769,5,510,448
770,1,532,549
770,2,565,449
770,3,470,594
770,4,406,326
770,5,511,447
771,1,534,547
771,2,565,449
771,3,469,594
771,4,407,325
771,5,511,445
772,1,534,543
772,2,566,449
772,3,467,596
772,4,410,322
772,5,511,444
773,1,536,542
773,2,566,448
773,3,466,597
773,4,412,320
773,5,510,443
774,1,537,540
774,2,564,446
774,3,465,598
774,4,413,317
774,5,505,444
775,1,539,540
775,2,560,445
775,3,463,598
775,4,412,315
775,5,502,446
776,1,540,539
776,2,558,443
776,3,462,598
776,4,413,312
776,5,498,450
777,1,542,538
777,2,556,443
777,3,460,597
777,4,412,310
777,5,494,454
778,1,543,537
778,2,555,443
778,3,458,596
778,4,413,305
778,5,493,457
779,1,544,536
779,2,555,442
779,3,457,595
779,4,412,303
779,5,491,459
780,1,546,535
780,2,553,441
780,3,456,596
780,4,412,300
780,5,488,461
781,1,547,535
781,2,553,439
781,3,454,596
781,4,413,298
781,5,485,462
782,1,548,535
782,2,553,438
782,3,453,597
782,4,413,295
782,5,482,464
783,1,549,534
783,2,553,437
783,3,452,597
783,4,413,291
783,5,480,465
784,1,550,533
784,2,553,435
784,3,451,597
784,4,413,289
784,5,477,466
785,1,553,533
785,2,553,434
785,3,449,599
785,4,413,287
785,5,475,468
786,1,554,532
786,2,553,433
786,3,448,599
786,4,414,285
786,5,473,470
787,1,555,533
787,2,553,432
787,3,447,599
787,4,414,282
787,5,472,472
788,1,556,532
788,2,552,431
788,3,446,599
788,4,414,279
788,5,470,473
789,1,557,530
789,2,552,430
789,3,445,599
789,4,414,277
789,5,468,474
790,1,558,530
790,2,552,429
790,3,444,599
790,4,414,275
790,5,467,475
791,1,559,530
791,2,551,428
791,3,442,599
791,4,415,273
791,5,466,476
792,1,560,529
792,2,551,427
792,3,440,599
792,4,414,271
792,5,464,478
793,1,561,529
793,2,551,424
793,3,440,599
793,4,414,268
793,5,463,479
794,1,560,527
794,2,551,424
794,3,438,599
794,4,414,266
794,5,462,480
795,1,558,525
795,2,550,423
795,3,437,600
795,4,415,264
795,5,461,481
796,1,555,522
796,2,551,422
796,3,436,600
796,4,415,262
796,5,460,483
797,1,550,519
797,2,551,421
797,3,436,601
797,4,415,260
797,5,460,486
798,1,546,520
798,2,551,421
798,3,435,601
798,4,415,258
798,5,462,490
799,1,542,519
799,2,551,420
799,3,434,601
799,4,415,256
799,5,466,494
800,1,540,517
800,2,551,419
800,3,432,601
800,4,415,254
800,5,470,497
801,1,538,517
801,2,551,418
801,3,431,600
801,4,415,252
801,5,473,498
802,1,537,516
802,2,551,417
802,3,431,600
802,4,414,250
802,5,474,500
803,1,535,514
803,2,551,417
803,3,429,599
803,4,415,248
803,5,476,503
804,1,534,512
804,2,549,417
804,3,428,599
804,4,414,246
804,5,477,504
805,1,533,510
805,2,544,417
805,3,427,600
805,4,414,244
805,5,477,506
806,1,531,508
806,2,540,415
806,3,425,601
806,4,414,242
806,5,479,509
807,1,531,506
807,2,538,415
807,3,425,602
807,4,414,240
807,5,479,511
808,1,530,504
808,2,536,413
808,3,424,601
808,4,414,239
808,5,480,513
809,1,529,502
809,2,533,410
809,3,424,602
809,4,414,237
809,5,480,515
810,1,528,500
810,2,531,409
810,3,423,602
810,4,414,235
810,5,482,517
811,1,527,499
811,2,529,407
811,3,422,601
811,4,414,234
811,5,482,519
812,1,527,497
812,2,527,405
812,3,421,601
812,4,414,232
812,5,483,521
813,1,525,495
813,2,527,403
813,3,421,601
813,4,414,230
813,5,484,524
814,1,524,493
814,2,525,401
814,3,419,601
814,4,414,228
814,5,485,525
815,1,524,491
815,2,523,400
815,3,418,600
815,4,414,227
815,5,486,526
816,1,524,490
816,2,521,398
816,3,416,599
816,4,414,225
816,5,486,527
817,1,522,489
817,2,519,396
817,3,415,599
817,4,414,223
817,5,487,529
818,1,521,487
818,2,518,395
818,3,414,600
818,4,414,221
818,5,487,530
819,1,520,485
819,2,517,393
819,3,412,600
819,4,414,220
819,5,487,531
820,1,519,485
820,2,516,392
820,3,411,601
820,4,414,218
820,5,488,532
821,1,519,483
821,2,515,390
821,3,413,603
821,4,414,217
821,5,488,534
822,1,518,482
822,2,514,389
822,3,415,603
822,4,414,216
822,5,489,535
823,1,518,480
823,2,512,388
823,3,422,602
823,4,414,215
823,5,489,536
824,1,517,479
824,2,511,386
824,3,427,601
824,4,414,213
824,5,490,537
825,1,516,478
825,2,510,385
825,3,430,600
825,4,414,211
825,5,491,538
826,1,515,477
826,2,509,384
826,3,432,599
826,4,414,210
826,5,491,539
827,1,514,476
827,2,508,382
827,3,435,599
827,4,414,208
827,5,491,540
828,1,512,478
828,2,507,381
828,3,437,600
828,4,414,207
828,5,492,541
829,1,508,477
829,2,506,380
829,3,440,601
829,4,414,206
829,5,492,542
830,1,505,476
830,2,506,378
830,3,441,601
830,4,414,205
830,5,493,543
831,1,504,474
831,2,505,376
831,3,442,601
831,4,414,203
831,5,493,544
832,1,501,470
832,2,504,375
832,3,444,599
832,4,413,202
832,5,494,545
833,1,500,467
833,2,503,374
833,3,447,598
833,4,413,201
833,5,493,547
834,1,498,465
834,2,502,373
834,3,449,598
834,4,413,199
834,5,491,547
835,1,495,462
835,2,502,372
835,3,450,599
835,4,413,198
835,5,489,548
836,1,492,460
836,2,501,371
836,3,453,600
836,4,413,197
836,5,487,550
837,1,491,457
837,2,500,369
837,3,455,599
837,4,413,196
837,5,485,551
838,1,488,455
838,2,499,368
838,3,458,598
838,4,413,194
838,5,483,553
839,1,486,453
839,2,499,367
839,3,462,597
839,4,413,193
839,5,483,554
840,1,483,451
840,2,498,366
840,3,464,596
840,4,413,192
840,5,482,556
841,1,482,449
841,2,497,365
841,3,465,596
841,4,413,191
841,5,481,557
842,1,480,447
842,2,496,364
842,3,468,596
842,4,414,191
842,5,479,560
843,1,478,445
843,2,496,364
843,3,471,596
843,4,417,189
843,5,478,561
844,1,476,444
844,2,496,363
844,3,474,596
844,4,420,190
844,5,478,563
845,1,475,441
845,2,495,362
845,3,476,597
845,4,421,188
845,5,478,565
846,1,472,440
846,2,494,361
846,3,478,596
846,4,423,186
846,5,477,567
847,1,470,437
847,2,494,360
847,3,480,597
847,4,424,184
847,5,476,569
848,1,469,436
848,2,494,359
848,3,482,597
848,4,425,183
848,5,475,571
849,1,467,435
849,2,493,358
849,3,484,597
849,4,426,181
849,5,475,572
850,1,465,434
850,2,492,357
850,3,486,597
850,4,427,180
850,5,474,574
851,1,463,432
851,2,492,356
851,3,488,597
851,4,428,178
851,5,474,576
852,1,462,431
852,2,492,355
852,3,489,597
852,4,429,176
852,5,473,577
853,1,460,428
853,2,493,353
853,3,492,596
853,4,431,173
853,5,473,578
854,1,458,426
854,2,495,351
854,3,493,595
854,4,432,172
854,5,473,579
855,1,457,425
855,2,496,349
855,3,495,595
855,4,433,170
855,5,471,580
856,1,455,424
856,2,495,346
856,3,497,595
856,4,433,169
856,5,471,581
857,1,453,422
857,2,494,344
857,3,498,596
857,4,434,167
857,5,470,582
858,1,452,421
858,2,494,342
858,3,500,596
858,4,435,166
858,5,470,583
859,1,450,419
859,2,493,339
859,3,501,596
859,4,436,164
859,5,470,584
860,1,449,418
860,2,493,337
860,3,502,597
860,4,437,163
860,5,470,586
861,1,447,417
861,2,492,334
861,3,505,597
861,4,438,162
861,5,469,587
862,1,446,416
862,2,492,331
862,3,506,597
862,4,439,161
862,5,469,588
863,1,444,414
863,2,491,329
863,3,508,597
863,4,440,160
863,5,468,588
864,1,443,413
864,2,491,325
864,3,509,597
864,4,441,158
864,5,468,589
865,1,442,412
865,2,490,323
865,3,510,596
865,4,441,157
865,5,467,590
866,1,441,411
866,2,490,321
866,3,512,595
866,4,442,156
866,5,467,591
867,1,440,410
867,2,490,320
867,3,513,595
867,4,442,155
867,5,467,592
868,1,439,408
868,2,490,318
868,3,515,596
868,4,444,154
868,5,467,592
869,1,437,407
869,2,490,316
869,3,516,597
869,4,444,153
869,5,467,593
870,1,436,406
870,2,490,315
870,3,517,596
870,4,450,157
870,5,467,594
871,1,434,405
871,2,490,313
871,3,518,598
871,4,455,160
871,5,467,594
872,1,434,404
872,2,490,311
872,3,519,598
872,4,458,165
872,5,466,595
873,1,433,403
873,2,489,309
873,3,521,598
873,4,460,166
873,5,465,595
874,1,432,402
874,2,489,307
874,3,522,597
874,4,463,168
874,5,465,596
875,1,431,401
875,2,489,306
875,3,522,597
875,4,466,171
875,5,465,597
876,1,431,400
876,2,489,304
876,3,523,597
876,4,469,172
876,5,465,597
877,1,433,396
877,2,488,303
877,3,524,597
877,4,471,174
877,5,465,598
878,1,436,394
878,2,488,303
878,3,524,597
878,4,473,175
878,5,465,599
879,1,436,391
879,2,488,300
879,3,525,597
879,4,477,176
879,5,468,600
880,1,435,388
880,2,488,299
880,3,526,596
880,4,479,177
880,5,471,602
881,1,433,386
881,2,488,297
881,3,527,596
881,4,481,178
881,5,472,602
882,1,432,382
882,2,487,296
882,3,526,597
882,4,483,179
882,5,474,604
883,1,431,380
883,2,487,295
883,3,526,597
883,4,485,181
883,5,475,606
884,1,429,377
884,2,487,293
884,3,523,595
884,4,488,182
884,5,476,607
885,1,428,375
885,2,487,292
885,3,518,595
885,4,491,183
885,5,478,606
886,1,427,372
886,2,487,291
886,3,512,595
886,4,493,184
886,5,480,606
887,1,426,369
887,2,487,290
887,3,506,594
887,4,495,186
887,5,481,604
888,1,425,366
888,2,487,289
888,3,503,593
888,4,497,187
888,5,482,602
889,1,424,363
889,2,486,289
889,3,499,593
889,4,498,188
889,5,482,602
890,1,423,361
890,2,486,288
890,3,497,593
890,4,500,189
890,5,483,602
891,1,422,359
891,2,485,287
891,3,495,592
891,4,502,191
891,5,484,602
892,1,421,356
892,2,485,286
892,3,494,593
892,4,504,191
892,5,485,603
893,1,420,353
893,2,485,285
893,3,491,594
893,4,506,192
893,5,486,603
894,1,419,351
894,2,485,284
894,3,490,594
894,4,507,193
894,5,487,604
895,1,419,349
895,2,485,283
895,3,489,594
895,4,509,195
895,5,487,604
896,1,417,348
896,2,485,282
896,3,489,596
896,4,511,196
896,5,489,604
897,1,411,347
897,2,485,281
897,3,487,598
897,4,513,196
897,5,490,603
898,1,406,351
898,2,485,280
898,3,487,598
898,4,514,198
898,5,492,602
899,1,401,358
899,2,485,279
899,3,486,598
899,4,516,199
899,5,494,601
900,1,401,365
900,2,485,276
900,3,485,599
900,4,518,200
900,5,496,601
