1,1,471,672,91,34
1,2,664,181,51,51
1,3,413,253,26,90
1,4,399,353,22,101
1,5,441,387,45,96
2,1,469,672,91,34
2,2,664,179,49,51
2,3,414,249,25,90
2,4,399,350,22,101
2,5,442,385,46,97
3,1,468,672,90,34
3,2,663,177,46,53
3,3,415,246,24,90
3,4,398,346,22,101
3,5,444,382,43,96
4,1,467,673,90,34
4,2,663,175,43,57
4,3,417,243,23,90
4,4,398,343,22,100
4,5,442,377,44,94
5,1,466,673,89,34
5,2,662,173,41,60
5,3,418,240,23,90
5,4,398,340,22,101
5,5,439,373,49,92
6,1,468,675,82,35
6,2,661,171,37,63
6,3,419,238,22,90
6,4,398,337,22,100
6,5,442,370,44,86
7,1,468,674,76,36
7,2,661,168,35,68
7,3,419,235,22,90
7,4,398,333,22,101
7,5,453,363,34,93
8,1,467,671,72,38
8,2,660,167,33,69
8,3,420,232,21,90
8,4,398,330,23,101
8,5,461,358,26,99
9,1,463,662,74,45
9,2,660,166,31,71
9,3,421,229,21,90
9,4,399,328,22,100
9,5,466,353,23,101
10,1,466,661,63,44
10,2,660,164,28,73
10,3,422,226,21,89
10,4,399,325,23,100
10,5,467,348,23,101
11,1,470,657,52,45
11,2,659,163,27,75
11,3,422,223,21,89
11,4,397,321,26,99
11,5,466,343,24,100
12,1,477,652,41,47
12,2,658,161,27,75
12,3,422,221,21,89
12,4,394,319,29,97
12,5,466,338,24,99
13,1,480,649,40,50
13,2,658,160,25,75
13,3,423,218,21,89
13,4,393,315,31,97
13,5,464,332,30,99
14,1,480,644,43,54
14,2,657,159,25,74
14,3,423,216,21,89
14,4,393,309,32,94
14,5,461,327,31,99
15,1,479,637,46,61
15,2,657,157,24,74
15,3,423,213,22,89
15,4,393,304,32,95
15,5,463,321,29,100
16,1,479,632,48,67
16,2,657,155,24,75
16,3,423,211,22,89
16,4,393,299,33,96
16,5,468,316,25,100
17,1,480,629,49,71
17,2,657,154,23,75
17,3,423,208,22,89
17,4,393,294,34,96
17,5,472,310,22,104
18,1,481,628,49,74
18,2,656,153,23,75
18,3,424,206,22,89
18,4,392,289,33,96
18,5,472,305,22,104
19,1,478,630,53,72
19,2,656,151,23,75
19,3,424,203,22,89
19,4,392,283,32,97
19,5,472,301,23,104
20,1,477,632,56,72
20,2,656,150,23,75
20,3,425,201,22,89
20,4,392,278,29,99
20,5,472,296,24,104
21,1,477,633,57,72
21,2,655,149,24,75
21,3,425,199,22,89
21,4,391,273,26,100
21,5,472,291,25,104
22,1,478,634,57,73
22,2,652,150,28,72
22,3,425,197,22,89
22,4,391,269,23,100
22,5,472,287,25,103
23,1,480,634,56,72
23,2,648,152,32,69
23,3,426,195,22,89
23,4,391,265,20,101
23,5,472,282,26,103
24,1,483,635,53,72
24,2,645,155,35,62
24,3,426,193,22,88
24,4,391,260,20,101
24,5,472,278,26,103
25,1,480,635,51,71
25,2,643,155,39,56
25,3,426,191,22,88
25,4,390,256,19,101
25,5,472,274,26,103
26,1,480,639,51,67
26,2,641,155,41,49
26,3,427,189,22,88
26,4,390,252,19,101
26,5,472,269,26,103
27,1,484,644,48,62
27,2,639,158,43,40
27,3,427,187,22,88
27,4,390,248,18,101
27,5,472,265,26,103
28,1,498,640,36,65
28,2,638,160,46,34
28,3,427,185,22,88
28,4,390,244,18,101
28,5,472,261,26,103
29,1,496,638,40,67
29,2,636,160,50,30
29,3,427,183,23,87
29,4,390,240,18,101
29,5,473,258,26,103
30,1,493,636,45,69
30,2,634,159,54,25
30,3,428,182,23,86
30,4,390,236,18,101
30,5,474,254,26,103
31,1,491,634,50,71
31,2,631,159,57,20
31,3,428,180,24,84
31,4,389,232,21,99
31,5,474,250,26,103
32,1,488,634,51,71
32,2,630,159,56,15
32,3,429,178,25,83
32,4,388,229,23,97
32,5,474,246,26,103
33,1,486,634,58,72
33,2,627,158,57,16
33,3,428,175,27,83
33,4,387,225,25,95
33,5,474,242,26,103
34,1,485,636,60,71
34,2,625,158,58,16
34,3,427,173,29,82
34,4,387,221,26,95
34,5,474,239,26,103
35,1,484,638,62,69
35,2,623,157,60,16
35,3,426,170,31,81
35,4,386,217,28,96
35,5,474,236,26,103
36,1,482,640,65,68
36,2,621,157,60,17
36,3,424,165,33,83
36,4,386,212,29,96
36,5,474,232,26,103
37,1,482,643,65,64
37,2,619,157,60,18
37,3,422,161,35,83
37,4,383,208,33,97
37,5,474,228,26,103
38,1,481,643,65,64
38,2,617,157,61,18
38,3,420,158,37,82
38,4,382,204,35,97
38,5,474,225,26,103
39,1,480,642,63,64
39,2,616,156,61,22
39,3,421,156,36,80
39,4,381,200,37,97
39,5,475,221,26,103
40,1,482,640,65,67
40,2,614,156,61,23
40,3,422,152,35,81
40,4,380,196,39,97
40,5,475,218,26,103
41,1,481,639,62,67
41,2,613,156,60,24
41,3,425,149,33,82
41,4,381,192,40,97
41,5,475,215,26,103
42,1,480,639,60,67
42,2,612,156,60,24
42,3,428,146,31,83
42,4,381,189,40,97
42,5,475,212,26,103
43,1,480,638,59,68
43,2,609,156,61,21
43,3,430,143,29,84
43,4,382,185,41,97
43,5,475,209,26,104
44,1,479,637,59,68
44,2,607,157,59,22
44,3,433,140,27,85
44,4,383,181,40,97
44,5,475,206,27,104
45,1,479,636,58,69
45,2,605,157,62,21
45,3,436,137,25,86
45,4,384,178,41,96
45,5,475,202,27,104
46,1,479,635,57,70
46,2,604,157,61,22
46,3,438,134,23,87
46,4,386,175,40,96
46,5,475,199,27,104
47,1,479,635,57,70
47,2,602,155,58,23
47,3,439,132,23,87
47,4,387,172,40,96
47,5,475,199,27,100
48,1,479,634,56,70
48,2,600,155,58,23
48,3,440,129,23,88
48,4,388,169,39,96
48,5,471,199,31,94
49,1,479,634,56,70
49,2,599,154,57,23
49,3,441,126,22,88
49,4,390,166,39,95
49,5,465,199,37,89
50,1,478,634,56,71
50,2,597,156,58,22
50,3,442,124,22,88
50,4,392,162,39,95
50,5,458,201,49,80
51,1,478,634,56,71
51,2,595,159,60,19
51,3,442,121,22,88
51,4,393,159,39,95
51,5,454,203,55,71
52,1,478,633,56,71
52,2,593,159,60,20
52,3,443,118,22,88
52,4,394,155,38,95
52,5,450,202,61,66
53,1,473,633,60,69
53,2,590,159,61,20
53,3,443,116,23,87
53,4,395,152,38,95
53,5,447,201,68,61
54,1,467,630,61,68
54,2,589,160,58,20
54,3,443,114,23,88
54,4,396,149,38,95
54,5,444,199,74,55
55,1,467,632,54,63
55,2,588,159,56,22
55,3,443,112,24,87
55,4,397,147,38,95
55,5,441,200,80,48
56,1,470,644,49,53
56,2,589,155,55,31
56,3,443,109,24,87
56,4,397,144,38,95
56,5,438,201,86,42
57,1,472,651,48,49
57,2,587,151,54,36
57,3,443,107,25,86
57,4,396,141,41,95
57,5,435,202,92,35
58,1,469,644,51,58
58,2,585,151,57,37
58,3,443,106,28,83
58,4,396,138,41,95
58,5,432,202,96,34
59,1,468,640,52,65
59,2,585,154,55,36
59,3,445,104,29,82
59,4,396,136,42,95
59,5,429,202,99,33
60,1,469,635,46,71
60,2,585,154,53,37
60,3,443,101,31,83
60,4,397,133,42,95
60,5,426,202,102,32
61,1,470,632,43,77
61,2,585,151,50,40
61,3,443,98,32,81
61,4,399,131,40,95
61,5,423,202,103,34
62,1,471,626,37,83
62,2,587,151,46,40
62,3,441,95,35,83
62,4,402,128,38,96
62,5,421,202,103,36
63,1,471,623,34,86
63,2,587,150,43,41
63,3,440,92,37,82
63,4,405,126,36,96
63,5,419,202,103,39
64,1,472,619,32,91
64,2,587,150,43,42
64,3,438,89,40,82
64,4,407,123,35,97
64,5,416,202,104,39
65,1,474,615,31,94
65,2,588,150,33,43
65,3,437,87,43,80
65,4,413,121,29,98
65,5,414,201,104,40
66,1,473,611,33,96
66,2,589,149,32,44
66,3,439,86,46,76
66,4,414,119,28,98
66,5,412,201,104,40
67,1,473,608,32,95
67,2,591,147,29,46
67,3,446,86,44,74
67,4,416,117,27,98
67,5,410,201,104,40
68,1,473,605,32,93
68,2,591,146,27,47
68,3,451,86,43,71
68,4,418,115,26,98
68,5,409,201,104,40
69,1,473,601,32,94
69,2,591,145,27,48
69,3,450,85,47,68
69,4,418,112,26,97
69,5,407,202,104,39
70,1,474,598,31,95
70,2,591,144,27,49
70,3,449,83,52,65
70,4,418,111,26,97
70,5,406,203,104,39
71,1,474,595,31,96
71,2,590,146,28,46
71,3,448,82,56,63
71,4,419,109,26,98
71,5,404,204,105,38
72,1,475,592,29,95
72,2,587,144,30,44
72,3,446,81,60,61
72,4,421,107,25,98
72,5,403,204,105,38
73,1,475,588,30,95
73,2,584,143,33,44
73,3,445,79,65,58
73,4,422,105,25,98
73,5,401,205,105,37
74,1,475,585,30,95
74,2,581,147,39,40
74,3,445,78,68,56
74,4,422,102,25,98
74,5,399,205,106,36
75,1,474,582,30,96
75,2,578,151,45,37
75,3,443,79,73,52
75,4,423,101,25,97
75,5,398,205,106,36
76,1,473,579,30,96
76,2,575,154,48,35
76,3,444,77,74,48
76,4,423,99,25,97
76,5,397,205,106,36
77,1,473,576,30,96
77,2,573,156,50,32
77,3,448,77,70,46
77,4,424,98,25,96
77,5,395,205,106,36
78,1,473,573,30,96
78,2,569,157,55,31
78,3,451,77,69,42
78,4,424,97,26,95
78,5,394,206,106,36
79,1,473,570,30,96
79,2,567,161,60,28
79,3,454,77,68,38
79,4,426,94,25,96
79,5,393,206,106,36
80,1,473,567,30,96
80,2,565,162,63,28
80,3,457,76,67,34
80,4,426,93,25,96
80,5,391,206,106,36
81,1,472,565,30,96
81,2,562,164,66,26
81,3,457,76,70,36
81,4,426,92,25,96
81,5,390,207,106,35
82,1,471,562,30,96
82,2,560,165,68,24
82,3,457,76,72,37
82,4,426,90,25,96
82,5,389,207,106,35
83,1,471,560,30,96
83,2,558,166,69,23
83,3,457,75,75,39
83,4,426,89,25,96
83,5,388,207,106,36
84,1,470,557,30,96
84,2,556,167,71,21
84,3,459,73,77,43
84,4,426,87,26,96
84,5,386,207,106,36
85,1,470,554,30,95
85,2,554,168,72,20
85,3,462,72,77,46
85,4,426,86,27,96
85,5,385,207,106,36
86,1,469,552,30,95
86,2,552,168,72,20
86,3,464,71,78,49
86,4,426,85,27,97
86,5,384,206,106,37
87,1,469,549,30,95
87,2,550,168,73,21
87,3,467,70,78,52
87,4,426,83,27,98
87,5,384,206,105,38
88,1,468,547,30,95
88,2,547,168,74,21
88,3,471,71,77,52
88,4,426,83,28,96
88,5,383,206,105,38
89,1,468,545,30,95
89,2,545,167,74,22
89,3,474,73,76,51
89,4,427,83,34,94
89,5,382,207,105,37
90,1,467,542,30,95
90,2,543,167,75,22
90,3,478,75,74,51
90,4,429,85,38,89
90,5,381,207,105,37
91,1,467,540,30,95
91,2,542,167,75,22
91,3,480,77,74,50
91,4,427,88,44,81
91,5,380,207,106,37
92,1,467,538,30,95
92,2,540,167,76,22
92,3,481,79,75,50
92,4,424,90,51,75
92,5,378,208,106,35
93,1,466,536,30,95
93,2,538,167,77,22
93,3,483,82,75,49
93,4,422,90,56,69
93,5,381,210,102,35
94,1,466,533,30,95
94,2,537,166,78,23
94,3,486,83,71,52
94,4,420,91,61,63
94,5,383,208,93,44
95,1,465,531,30,95
95,2,535,166,79,23
95,3,491,84,65,55
95,4,418,92,66,57
95,5,386,204,84,52
96,1,465,529,30,94
96,2,533,164,78,28
96,3,495,90,60,51
96,4,417,92,70,53
96,5,389,199,73,62
97,1,464,527,30,92
97,2,532,159,78,31
97,3,500,92,57,53
97,4,414,93,76,50
97,5,388,197,68,68
98,1,464,524,30,91
98,2,531,158,78,30
98,3,505,90,52,59
98,4,412,92,81,46
98,5,387,194,63,75
99,1,466,521,29,90
99,2,529,157,70,32
99,3,510,88,50,64
99,4,411,92,85,43
99,5,386,191,57,81
100,1,467,517,30,89
100,2,527,155,68,34
100,3,515,86,46,70
100,4,410,93,88,36
100,5,385,189,52,85
101,1,468,513,31,89
101,2,524,154,72,34
101,3,519,84,43,75
101,4,409,89,92,36
101,5,385,187,46,91
102,1,467,510,33,89
102,2,520,153,74,34
102,3,522,82,40,79
102,4,408,88,95,35
102,5,384,185,41,95
103,1,466,507,35,89
103,2,517,151,75,39
103,3,527,83,36,81
103,4,408,88,96,30
103,5,384,185,39,98
104,1,466,503,37,90
104,2,514,150,79,42
104,3,531,85,32,82
104,4,409,88,97,28
104,5,384,185,37,101
105,1,464,500,40,90
105,2,511,149,77,44
105,3,535,87,30,83
105,4,411,88,99,29
105,5,384,186,35,104
106,1,462,497,44,89
106,2,508,147,78,46
106,3,538,89,27,83
106,4,412,88,99,29
106,5,384,188,34,104
107,1,460,493,47,89
107,2,505,145,78,46
107,3,539,91,27,84
107,4,414,88,99,29
107,5,384,191,34,104
108,1,460,490,49,87
108,2,502,143,79,46
108,3,540,93,26,85
108,4,416,88,99,29
108,5,384,193,34,104
109,1,460,487,50,86
109,2,499,141,79,45
109,3,540,96,26,86
109,4,418,88,99,29
109,5,384,196,34,104
110,1,460,484,51,85
110,2,497,141,81,43
110,3,540,98,27,85
110,4,421,88,99,30
110,5,384,199,33,104
111,1,461,481,51,85
111,2,494,139,81,41
111,3,540,101,27,84
111,4,423,88,99,30
111,5,384,202,33,103
112,1,462,478,52,84
112,2,492,138,80,40
112,3,539,103,28,84
112,4,424,89,100,30
112,5,384,205,33,103
113,1,463,475,52,84
113,2,490,137,60,35
113,3,540,106,29,84
113,4,425,89,100,30
113,5,384,208,34,102
114,1,465,473,52,84
114,2,487,135,64,35
114,3,543,108,28,85
114,4,428,89,100,30
114,5,384,210,34,102
115,1,466,470,52,84
115,2,485,134,65,37
115,3,539,113,32,82
115,4,429,89,100,30
115,5,384,216,36,97
116,1,468,468,51,85
116,2,482,133,68,41
116,3,538,120,30,77
116,4,431,89,99,30
116,5,383,222,40,93
117,1,470,465,50,85
117,2,480,133,78,41
117,3,538,128,32,72
117,4,433,89,99,30
117,5,382,228,42,88
118,1,472,463,49,86
118,2,477,134,81,42
118,3,538,131,34,73
118,4,436,89,97,30
118,5,380,233,47,87
119,1,474,461,48,86
119,2,475,134,84,41
119,3,537,131,35,75
119,4,438,90,97,30
119,5,378,238,53,86
120,1,475,458,47,86
120,2,472,135,84,42
120,3,536,133,38,78
120,4,440,90,97,30
120,5,376,241,58,86
121,1,477,456,46,86
121,2,471,133,82,45
121,3,534,134,41,80
121,4,443,90,91,35
121,5,374,246,63,85
122,1,479,454,46,86
122,2,469,134,80,43
122,3,533,136,44,83
122,4,447,89,86,40
122,5,371,251,69,85
123,1,480,452,46,86
123,2,467,134,79,42
123,3,531,140,45,82
123,4,450,89,80,45
123,5,371,256,72,83
124,1,481,450,45,86
124,2,465,136,78,38
124,3,529,144,46,81
124,4,457,88,71,50
124,5,371,261,75,82
125,1,483,448,45,86
125,2,463,134,78,36
125,3,527,148,47,80
125,4,465,87,62,52
125,5,371,266,78,80
126,1,484,446,44,87
126,2,461,133,78,35
126,3,526,151,47,81
126,4,467,86,60,53
126,5,374,269,77,80
127,1,485,444,44,87
127,2,459,132,80,31
127,3,525,154,46,80
127,4,471,86,55,65
127,5,378,272,76,80
128,1,486,442,43,87
128,2,456,131,81,28
128,3,523,156,46,81
128,4,475,86,51,68
128,5,381,274,75,81
129,1,487,440,43,87
129,2,454,132,81,24
129,3,522,159,46,81
129,4,478,86,48,72
129,5,385,276,74,82
130,1,488,438,43,87
130,2,452,131,82,26
130,3,520,161,46,81
130,4,481,87,45,75
130,5,388,278,73,83
131,1,490,436,42,88
131,2,449,132,83,25
131,3,519,164,46,81
131,4,485,86,41,79
131,5,391,280,72,84
132,1,491,434,41,88
132,2,448,132,85,26
132,3,517,166,47,81
132,4,490,86,37,82
132,5,394,283,72,83
133,1,493,432,40,89
133,2,446,133,86,25
133,3,516,169,47,80
133,4,494,86,33,86
133,5,395,285,72,85
134,1,493,431,47,88
134,2,444,133,86,26
134,3,515,172,48,80
134,4,498,86,28,90
134,5,399,288,69,86
135,1,495,431,46,85
135,2,442,131,87,29
135,3,513,174,49,80
135,4,500,86,29,93
135,5,403,291,65,90
136,1,496,429,45,83
136,2,440,130,87,29
136,3,512,176,49,80
136,4,500,88,30,93
136,5,404,299,64,84
137,1,501,427,41,84
137,2,438,129,87,30
137,3,511,178,50,80
137,4,499,90,33,94
137,5,405,305,65,84
138,1,501,425,44,79
138,2,436,128,87,32
138,3,510,180,50,80
138,4,497,94,35,93
138,5,406,310,65,83
139,1,499,422,48,80
139,2,435,127,87,33
139,3,508,183,51,79
139,4,492,102,36,87
139,5,411,310,60,87
140,1,497,420,51,80
140,2,433,127,87,34
140,3,507,185,51,79
140,4,488,104,33,86
140,5,416,310,55,91
141,1,496,417,55,79
141,2,432,126,87,35
141,3,506,187,52,79
141,4,486,109,37,84
141,5,421,310,51,95
142,1,494,414,58,79
142,2,430,126,87,36
142,3,505,188,52,80
142,4,485,116,41,82
142,5,423,310,49,99
143,1,494,412,60,77
143,2,428,125,85,37
143,3,503,190,53,80
143,4,484,121,44,80
143,5,431,310,42,102
144,1,494,409,62,75
144,2,427,125,85,38
144,3,502,193,54,78
144,4,482,126,47,79
144,5,436,312,38,104
145,1,493,406,64,73
145,2,426,125,85,38
145,3,498,196,56,74
145,4,480,131,51,78
145,5,440,314,33,105
146,1,496,404,63,74
146,2,424,125,85,39
146,3,495,198,56,71
146,4,478,137,54,77
146,5,439,316,34,106
147,1,498,402,63,75
147,2,423,125,85,39
147,3,490,199,55,69
147,4,475,140,56,79
147,5,440,319,34,107
148,1,500,400,62,76
148,2,422,125,85,39
148,3,488,203,55,65
148,4,473,143,53,78
148,5,441,323,33,107
149,1,502,398,61,77
149,2,421,125,85,40
149,3,485,206,58,62
149,4,471,147,51,78
149,5,441,326,33,107
150,1,505,396,60,77
150,2,419,125,85,40
150,3,482,210,62,60
150,4,469,150,48,78
150,5,442,329,33,107
151,1,507,394,60,78
151,2,418,125,85,41
151,3,479,215,69,57
151,4,467,154,49,77
151,5,442,332,32,107
152,1,509,392,59,78
152,2,420,127,80,44
152,3,476,219,75,54
152,4,465,157,50,77
152,5,442,335,33,108
153,1,511,390,59,78
153,2,422,134,78,44
153,3,474,223,78,53
153,4,463,160,51,77
153,5,442,338,34,108
154,1,513,388,58,79
154,2,425,136,74,46
154,3,471,228,82,49
154,4,462,162,52,78
154,5,443,340,34,108
155,1,514,386,58,79
155,2,425,134,67,52
155,3,469,232,83,47
155,4,460,166,53,77
155,5,443,343,34,109
156,1,516,384,57,79
156,2,425,133,62,57
156,3,466,235,84,44
156,4,458,170,54,77
156,5,444,346,34,109
157,1,518,382,57,79
157,2,424,131,55,63
157,3,464,239,85,42
157,4,457,174,55,76
157,5,444,349,34,109
158,1,518,381,57,79
158,2,423,128,51,70
158,3,461,240,85,42
158,4,455,176,55,77
158,5,444,351,35,109
159,1,521,382,62,72
159,2,422,126,47,76
159,3,458,241,86,42
159,4,454,177,53,78
159,5,444,355,36,108
160,1,523,383,64,69
160,2,420,124,43,83
160,3,456,243,86,41
160,4,453,179,53,79
160,5,443,356,37,108
161,1,532,380,58,72
161,2,419,122,37,90
161,3,454,243,85,42
161,4,452,180,51,80
161,5,443,357,37,111
162,1,536,382,56,64
162,2,419,123,31,94
162,3,452,245,85,41
162,4,450,181,50,82
162,5,444,360,36,109
163,1,535,383,61,58
163,2,417,129,34,92
163,3,453,248,80,46
163,4,449,182,49,84
163,5,445,363,36,109
164,1,533,384,64,51
164,2,417,134,36,91
164,3,457,252,74,51
164,4,448,183,49,85
164,5,445,366,36,109
165,1,529,383,70,46
165,2,419,141,34,87
165,3,461,254,62,54
165,4,447,185,49,85
165,5,445,368,36,109
166,1,526,383,76,41
166,2,418,153,27,81
166,3,461,253,52,59
166,4,445,186,49,86
166,5,445,370,36,109
167,1,522,383,82,37
167,2,417,156,27,84
167,3,461,250,43,66
167,4,444,188,49,87
167,5,445,373,36,109
168,1,522,383,84,33
168,2,417,155,28,89
168,3,462,249,37,72
168,4,443,190,49,87
168,5,445,375,36,109
169,1,523,383,86,29
169,2,416,157,30,91
169,3,463,247,30,79
169,4,443,191,48,88
169,5,445,377,36,109
170,1,523,383,88,27
170,2,415,161,32,92
170,3,464,244,24,86
170,4,442,192,48,88
170,5,446,380,36,108
171,1,524,383,89,28
171,2,414,167,34,91
171,3,463,247,26,87
171,4,442,194,46,89
171,5,446,382,37,108
172,1,527,385,88,27
172,2,414,170,34,91
172,3,462,251,29,87
172,4,442,196,45,90
172,5,446,384,37,108
173,1,527,384,90,33
173,2,414,175,34,90
173,3,461,255,31,87
173,4,444,198,41,92
173,5,447,386,37,108
174,1,528,383,91,35
174,2,415,179,33,90
174,3,462,259,29,87
174,4,445,206,41,87
174,5,447,388,37,108
175,1,533,383,87,34
175,2,416,181,33,91
175,3,465,263,29,87
175,4,446,211,40,86
175,5,447,391,37,108
176,1,536,383,87,34
176,2,419,185,30,90
176,3,467,265,28,88
176,4,446,215,34,87
176,5,447,393,37,108
177,1,540,383,85,33
177,2,423,187,27,91
177,3,470,268,25,87
177,4,448,215,24,92
177,5,446,395,37,107
178,1,542,383,86,35
178,2,426,190,25,91
178,3,472,270,25,88
178,4,448,215,20,97
178,5,447,397,37,107
179,1,545,378,84,42
179,2,430,194,21,90
179,3,473,273,24,88
179,4,447,218,20,100
179,5,447,399,38,107
180,1,547,375,83,44
180,2,431,197,20,90
180,3,475,276,24,88
180,4,446,222,21,99
180,5,447,401,38,106
181,1,550,375,82,47
181,2,432,202,19,89
181,3,477,278,22,88
181,4,445,227,22,99
181,5,447,403,38,106
182,1,555,375,79,50
182,2,433,204,19,90
182,3,478,281,22,88
182,4,444,231,23,99
182,5,447,405,38,106
183,1,556,379,80,47
183,2,431,206,21,90
183,3,480,284,20,88
183,4,443,236,25,99
183,5,447,407,38,106
184,1,555,383,83,45
184,2,429,208,24,91
184,3,479,286,22,88
184,4,443,241,26,98
184,5,448,409,38,105
185,1,557,383,83,46
185,2,430,210,24,92
185,3,479,288,22,88
185,4,444,245,25,98
185,5,448,411,38,104
186,1,559,384,83,47
186,2,430,212,24,92
186,3,478,290,24,88
186,4,445,248,25,98
186,5,448,413,38,103
187,1,561,383,83,49
187,2,430,215,24,92
187,3,478,295,24,85
187,4,446,252,25,97
187,5,449,415,38,103
188,1,564,383,82,51
188,2,433,218,24,92
188,3,480,298,33,84
188,4,446,255,24,98
188,5,450,418,43,96
189,1,567,382,82,53
189,2,434,220,25,92
189,3,478,306,35,79
189,4,445,257,29,99
189,5,449,423,50,91
190,1,569,380,81,56
190,2,435,221,24,93
190,3,477,313,37,73
190,4,444,260,34,98
190,5,446,430,56,83
191,1,572,379,79,58
191,2,436,224,25,94
191,3,477,314,35,75
191,4,444,263,35,99
191,5,444,436,63,76
192,1,575,378,78,61
192,2,436,226,24,93
192,3,478,316,33,77
192,4,443,264,38,100
192,5,441,443,69,68
193,1,577,378,78,62
193,2,434,228,25,94
193,3,479,317,31,79
193,4,444,267,34,99
193,5,439,448,75,64
194,1,578,378,78,63
194,2,435,230,27,94
194,3,475,321,36,78
194,4,443,270,36,97
194,5,435,452,81,60
195,1,580,378,77,64
195,2,436,232,26,94
195,3,474,325,38,77
195,4,443,274,36,96
195,5,432,457,87,54
196,1,582,379,77,64
196,2,436,233,27,94
196,3,474,329,39,76
196,4,443,276,35,95
196,5,429,463,93,48
197,1,585,380,76,65
197,2,437,235,26,95
197,3,473,333,40,74
197,4,443,278,34,95
197,5,426,468,99,43
198,1,587,381,76,65
198,2,437,237,25,94
198,3,474,337,41,73
198,4,442,281,36,94
198,5,426,474,103,38
199,1,589,382,75,65
199,2,441,238,20,95
199,3,475,339,41,74
199,4,441,282,35,94
199,5,426,479,106,33
200,1,591,383,74,65
200,2,440,240,22,95
200,3,476,341,40,75
200,4,441,284,35,94
200,5,426,485,109,28
201,1,593,384,73,65
201,2,438,242,23,94
201,3,477,343,40,75
201,4,440,287,35,92
201,5,432,483,108,30
202,1,594,385,73,65
202,2,438,244,24,94
202,3,477,345,42,75
202,4,440,289,35,92
202,5,436,484,108,29
203,1,595,386,73,65
203,2,438,249,24,91
203,3,476,348,44,73
203,4,439,293,36,89
203,5,440,482,107,32
204,1,596,387,73,65
204,2,438,253,25,89
204,3,476,351,45,73
204,4,438,296,39,87
204,5,444,480,107,32
205,1,598,388,73,65
205,2,438,255,25,89
205,3,475,353,47,73
205,4,436,297,40,88
205,5,448,480,106,34
206,1,599,388,73,65
206,2,438,256,25,90
206,3,476,354,47,74
206,4,435,298,43,89
206,5,452,481,106,32
207,1,601,388,72,66
207,2,439,257,25,91
207,3,478,355,46,74
207,4,434,299,45,89
207,5,455,482,106,31
208,1,603,389,72,67
208,2,440,258,24,92
208,3,479,356,46,75
208,4,432,300,48,89
208,5,458,483,106,29
209,1,604,389,72,67
209,2,435,259,30,92
209,3,480,357,46,77
209,4,433,301,49,90
209,5,460,483,108,29
210,1,606,390,71,67
210,2,435,260,29,93
210,3,481,358,46,77
210,4,433,303,49,91
210,5,463,483,108,29
211,1,607,390,71,67
211,2,436,261,27,94
211,3,482,358,46,79
211,4,432,305,52,94
211,5,465,483,110,29
212,1,609,391,70,68
212,2,436,262,27,94
212,3,482,359,46,79
212,4,429,309,58,92
212,5,468,483,110,29
213,1,610,392,70,67
213,2,434,263,28,94
213,3,483,360,46,80
213,4,429,313,58,92
213,5,471,483,111,29
214,1,611,392,70,68
214,2,435,264,27,93
214,3,484,361,47,80
214,4,431,317,55,89
214,5,475,483,111,29
215,1,612,393,70,68
215,2,434,265,30,92
215,3,485,362,47,80
215,4,434,321,50,87
215,5,478,482,111,29
216,1,613,394,70,68
216,2,434,267,31,91
216,3,485,364,48,80
216,4,436,323,44,89
216,5,481,482,111,28
217,1,614,395,70,68
217,2,433,268,34,91
217,3,486,365,48,80
217,4,437,324,38,91
217,5,485,482,111,28
218,1,615,396,70,67
218,2,432,272,39,88
218,3,486,366,49,81
218,4,439,326,38,92
218,5,488,481,111,29
219,1,615,396,70,68
219,2,431,276,40,85
219,3,487,367,49,81
219,4,439,327,39,94
219,5,491,479,110,30
220,1,616,397,70,67
220,2,430,283,42,81
220,3,487,368,50,82
220,4,438,329,42,94
220,5,494,478,110,30
221,1,618,398,69,69
221,2,424,287,46,78
221,3,487,370,52,80
221,4,439,330,43,97
221,5,497,478,110,29
222,1,621,403,61,71
222,2,422,288,46,79
222,3,490,372,51,79
222,4,439,333,44,96
222,5,500,479,109,28
223,1,620,410,61,67
223,2,422,288,43,81
223,3,494,372,48,79
223,4,441,336,44,96
223,5,504,479,109,27
224,1,624,418,57,62
224,2,421,288,40,84
224,3,498,372,45,80
224,4,442,339,44,96
224,5,508,477,106,31
225,1,629,416,51,67
225,2,419,287,39,86
225,3,502,374,41,80
225,4,441,344,47,94
225,5,511,475,104,34
226,1,634,414,47,73
226,2,417,287,38,89
226,3,501,375,44,80
226,4,439,345,51,94
226,5,515,473,102,38
227,1,640,413,42,78
227,2,416,287,37,91
227,3,499,378,47,79
227,4,438,346,54,95
227,5,519,476,100,37
228,1,646,412,36,81
228,2,416,287,35,93
228,3,498,380,49,79
228,4,438,348,55,95
228,5,521,476,100,37
229,1,649,411,34,85
229,2,416,288,32,94
229,3,496,383,51,77
229,4,439,351,56,95
229,5,523,476,100,37
230,1,653,410,29,89
230,2,416,289,32,94
230,3,495,385,54,77
230,4,440,354,56,94
230,5,525,476,100,38
231,1,652,411,29,91
231,2,416,291,33,94
231,3,496,387,54,76
231,4,441,356,56,94
231,5,527,476,100,38
232,1,651,412,30,92
232,2,416,294,33,93
232,3,497,389,54,76
232,4,442,358,57,94
232,5,529,477,101,37
233,1,650,413,30,94
233,2,416,296,34,93
233,3,498,391,54,76
233,4,443,361,57,94
233,5,531,478,101,37
234,1,651,416,30,93
234,2,416,297,34,93
234,3,500,390,53,78
234,4,444,363,57,93
234,5,534,478,99,38
235,1,651,419,31,93
235,2,416,299,32,92
235,3,503,390,51,80
235,4,445,365,58,93
235,5,537,478,98,38
236,1,651,422,31,93
236,2,415,301,31,91
236,3,505,391,48,82
236,4,447,368,57,93
236,5,540,478,97,39
237,1,649,424,33,92
237,2,415,302,30,91
237,3,509,394,46,81
237,4,447,371,54,94
237,5,543,476,96,40
238,1,648,427,34,92
238,2,414,303,29,92
238,3,510,404,45,74
238,4,447,379,53,90
238,5,546,473,96,41
239,1,646,429,36,92
239,2,414,302,29,94
239,3,510,409,44,71
239,4,445,389,54,83
239,5,549,471,96,42
240,1,646,432,34,91
240,2,414,303,28,95
240,3,513,412,40,72
240,4,447,394,53,81
240,5,554,471,90,44
241,1,646,434,34,91
241,2,413,306,29,94
241,3,522,410,30,79
241,4,450,392,51,88
241,5,559,468,84,49
242,1,645,436,34,91
242,2,414,307,29,93
242,3,529,409,22,85
242,4,456,391,47,92
242,5,564,465,77,54
243,1,644,437,34,92
243,2,413,309,29,92
243,3,529,409,21,90
243,4,462,391,43,96
243,5,569,462,71,59
244,1,644,439,34,92
244,2,412,311,29,91
244,3,530,412,22,91
244,4,468,390,39,100
244,5,571,459,70,66
245,1,643,442,34,91
245,2,412,313,29,90
245,3,527,416,27,91
245,4,473,392,34,102
245,5,572,455,68,73
246,1,643,444,34,91
246,2,412,313,29,92
246,3,527,421,27,91
246,4,476,395,33,104
246,5,574,451,67,79
247,1,642,445,34,91
247,2,412,314,28,92
247,3,527,424,25,92
247,4,476,400,34,103
247,5,578,448,64,85
248,1,642,446,34,92
248,2,413,314,29,94
248,3,526,427,25,94
248,4,477,403,36,104
248,5,583,445,61,91
249,1,641,448,34,92
249,2,413,315,29,94
249,3,527,432,22,92
249,4,477,408,37,102
249,5,587,442,59,97
250,1,641,449,34,92
250,2,413,316,28,93
250,3,527,435,22,93
250,4,478,411,38,103
250,5,591,437,56,98
251,1,641,451,34,92
251,2,413,317,28,93
251,3,528,438,22,93
251,4,479,414,37,103
251,5,595,433,53,100
252,1,640,453,34,92
252,2,413,318,27,95
252,3,528,440,22,94
252,4,480,417,37,104
252,5,599,429,50,101
253,1,640,454,34,92
253,2,413,318,27,95
253,3,528,444,21,94
253,4,484,420,34,104
253,5,598,425,51,98
254,1,639,455,33,92
254,2,414,321,27,93
254,3,528,447,22,94
254,4,485,424,34,104
254,5,598,420,52,97
255,1,639,457,33,92
255,2,414,323,27,92
255,3,529,450,21,94
255,4,488,426,31,104
255,5,599,416,52,97
256,1,639,458,33,93
256,2,413,326,30,90
256,3,529,453,21,94
256,4,489,430,30,104
256,5,604,413,48,99
257,1,639,459,32,93
257,2,414,332,32,86
257,3,530,456,21,94
257,4,489,432,31,104
257,5,609,409,45,101
258,1,639,460,32,94
258,2,414,334,33,86
258,3,531,459,21,94
258,4,491,434,29,104
258,5,614,405,41,103
259,1,638,461,32,94
259,2,414,335,32,88
259,3,531,461,21,94
259,4,490,436,31,104
259,5,617,401,40,104
260,1,638,462,32,94
260,2,411,335,35,92
260,3,531,464,21,94
260,4,489,439,34,104
260,5,621,398,37,105
261,1,638,463,32,94
261,2,412,338,36,91
261,3,531,466,21,94
261,4,487,443,36,103
261,5,624,394,36,106
262,1,637,464,32,94
262,2,412,342,37,92
262,3,531,469,22,94
262,4,486,446,38,103
262,5,624,390,36,106
263,1,637,466,32,94
263,2,412,345,35,92
263,3,531,471,23,94
263,4,485,449,40,102
263,5,625,387,36,105
264,1,637,467,32,94
264,2,415,350,29,90
264,3,531,473,24,94
264,4,485,452,42,101
264,5,626,383,36,105
265,1,636,471,33,91
265,2,417,352,22,90
265,3,530,476,24,93
265,4,484,455,43,101
265,5,626,380,37,105
266,1,635,474,34,89
266,2,417,355,22,91
266,3,529,480,26,92
266,4,484,458,45,100
266,5,627,378,37,104
267,1,634,478,35,86
267,2,417,357,23,92
267,3,532,487,24,89
267,4,484,460,45,101
267,5,628,375,37,104
268,1,637,482,34,84
268,2,417,359,24,93
268,3,534,490,24,88
268,4,484,463,48,100
268,5,629,372,37,104
269,1,640,488,31,81
269,2,415,359,26,95
269,3,534,494,24,89
269,4,484,466,50,100
269,5,631,369,37,105
270,1,638,490,35,81
270,2,414,363,28,94
270,3,533,499,23,89
270,4,484,470,52,99
270,5,633,366,37,105
271,1,638,492,37,81
271,2,413,363,29,97
271,3,533,501,25,91
271,4,484,474,51,97
271,5,634,363,37,106
272,1,637,495,39,81
272,2,413,367,30,96
272,3,533,504,24,92
272,4,483,481,46,92
272,5,635,360,37,107
273,1,637,497,41,80
273,2,413,372,30,93
273,3,532,508,25,91
273,4,485,486,45,90
273,5,636,357,37,108
274,1,636,499,44,81
274,2,413,375,31,94
274,3,534,512,24,91
274,4,491,486,39,93
274,5,636,354,38,107
275,1,635,500,47,82
275,2,414,377,30,94
275,3,536,516,22,92
275,4,495,487,37,95
275,5,636,352,39,106
276,1,633,503,51,82
276,2,414,380,31,93
276,3,538,520,21,92
276,4,497,488,35,96
276,5,637,349,40,105
277,1,632,506,54,80
277,2,413,382,31,94
277,3,539,523,21,93
277,4,496,488,36,98
277,5,638,347,41,105
278,1,630,508,57,80
278,2,413,385,32,93
278,3,540,526,20,94
278,4,495,490,37,99
278,5,638,344,42,105
279,1,630,511,59,78
279,2,414,387,32,93
279,3,541,530,20,93
279,4,494,491,38,100
279,5,639,341,42,105
280,1,629,514,61,77
280,2,414,389,32,93
280,3,541,534,20,93
280,4,494,493,38,101
280,5,640,338,41,106
281,1,628,517,63,76
281,2,415,392,31,92
281,3,541,538,20,93
281,4,493,494,39,101
281,5,641,336,41,107
282,1,628,519,65,75
282,2,416,394,31,92
282,3,540,541,21,93
282,4,491,496,41,102
282,5,642,334,40,106
283,1,629,522,65,74
283,2,418,396,30,92
283,3,540,545,22,93
283,4,491,498,43,102
283,5,642,332,41,100
284,1,629,524,67,74
284,2,422,398,27,92
284,3,540,548,22,93
284,4,490,500,46,102
284,5,641,328,41,98
285,1,630,525,67,74
285,2,424,399,26,93
285,3,540,550,21,94
285,4,489,502,49,102
285,5,640,326,40,92
286,1,632,527,66,73
286,2,423,402,27,93
286,3,540,553,22,95
286,4,488,505,52,102
286,5,644,325,37,88
287,1,633,529,66,73
287,2,423,406,27,92
287,3,541,556,21,95
287,4,487,508,53,101
287,5,643,321,39,88
288,1,635,530,66,73
288,2,422,411,28,91
288,3,542,560,20,94
288,4,486,511,54,100
288,5,641,317,43,90
289,1,636,531,66,74
289,2,422,416,28,90
289,3,543,563,20,94
289,4,485,514,55,99
289,5,640,314,46,91
290,1,637,532,65,74
290,2,421,421,29,88
290,3,543,565,20,94
290,4,485,515,56,100
290,5,638,310,50,93
291,1,639,533,65,74
291,2,419,423,30,89
291,3,543,568,20,94
291,4,483,517,56,99
291,5,636,307,54,92
292,1,640,533,65,75
292,2,419,425,31,90
292,3,544,571,20,94
292,4,480,520,59,96
292,5,634,303,57,91
293,1,641,534,64,75
293,2,420,428,30,91
293,3,544,573,20,94
293,4,475,522,63,90
293,5,632,299,61,90
294,1,642,535,64,75
294,2,425,429,25,93
294,3,544,575,20,95
294,4,474,526,61,82
294,5,630,296,62,90
295,1,644,536,64,76
295,2,428,430,22,96
295,3,545,578,20,94
295,4,472,532,57,79
295,5,629,293,63,90
296,1,645,537,64,76
296,2,433,432,17,97
296,3,544,579,21,96
296,4,468,535,58,77
296,5,627,289,64,90
297,1,646,538,64,76
297,2,435,434,15,98
297,3,544,582,21,96
297,4,463,536,66,75
297,5,625,286,63,90
298,1,647,539,63,76
298,2,434,436,17,100
298,3,544,584,21,95
298,4,461,538,68,73
298,5,623,283,63,90
299,1,648,540,63,76
299,2,433,441,18,97
299,3,543,587,21,95
299,4,457,544,72,70
299,5,621,280,62,90
300,1,649,540,64,77
300,2,429,445,23,96
300,3,544,589,21,95
300,4,455,546,75,69
300,5,620,278,62,89
301,1,650,540,64,77
301,2,426,449,27,95
301,3,544,591,21,95
301,4,452,549,79,67
301,5,618,275,62,89
302,1,651,541,63,77
302,2,424,454,31,92
302,3,544,593,21,95
302,4,449,551,84,66
302,5,616,272,62,88
303,1,652,542,63,78
303,2,421,460,35,89
303,3,544,595,21,95
303,4,446,558,89,60
303,5,615,270,63,88
304,1,653,543,62,78
304,2,419,466,39,86
304,3,544,597,22,96
304,4,444,560,92,59
304,5,613,267,64,87
305,1,655,544,61,78
305,2,417,468,41,87
305,3,543,599,22,96
305,4,441,563,94,56
305,5,611,265,65,86
306,1,655,544,61,79
306,2,416,470,42,88
306,3,543,601,22,96
306,4,439,564,96,55
306,5,610,262,66,86
307,1,657,549,57,79
307,2,414,471,44,89
307,3,543,603,22,95
307,4,436,568,96,53
307,5,608,259,67,87
308,1,657,554,57,77
308,2,413,473,45,91
308,3,543,605,22,95
308,4,434,569,96,54
308,5,606,257,68,87
309,1,655,559,58,76
309,2,411,475,48,92
309,3,543,607,22,95
309,4,432,572,97,52
309,5,605,255,68,87
310,1,660,563,53,75
310,2,410,478,51,92
310,3,543,609,22,95
310,4,430,574,98,51
310,5,603,252,69,86
311,1,665,563,49,79
311,2,409,481,51,91
311,3,543,610,22,95
311,4,428,576,101,51
311,5,601,250,69,86
312,1,671,562,45,82
312,2,407,485,53,91
312,3,543,612,22,96
312,4,426,579,102,43
312,5,600,248,69,86
313,1,676,561,41,86
313,2,406,487,53,91
313,3,543,614,22,95
313,4,426,579,102,43
313,5,599,246,69,86
314,1,678,560,39,90
314,2,404,490,54,91
314,3,543,615,22,96
314,4,421,584,105,45
314,5,597,243,69,86
315,1,683,560,33,93
315,2,403,492,52,92
315,3,542,617,24,94
315,4,420,586,103,43
315,5,596,242,70,85
316,1,685,562,32,94
316,2,401,494,52,92
316,3,542,619,22,94
316,4,418,587,106,42
316,5,594,240,71,85
317,1,685,563,32,94
317,2,400,495,50,92
317,3,540,621,27,92
317,4,416,589,106,41
317,5,592,238,72,85
318,1,686,565,32,95
318,2,398,496,50,92
318,3,536,623,31,90
318,4,414,590,107,40
318,5,590,237,72,85
319,1,686,567,32,96
319,2,395,498,50,90
319,3,534,627,36,85
319,4,412,591,107,39
319,5,589,236,72,84
320,1,686,569,32,93
320,2,393,499,50,89
320,3,531,632,41,81
320,4,409,592,107,37
320,5,587,235,72,84
321,1,686,571,32,95
321,2,391,500,49,87
321,3,528,636,46,76
321,4,408,593,107,37
321,5,585,234,69,85
322,1,685,572,32,97
322,2,389,503,47,84
322,3,526,639,48,73
322,4,407,594,108,35
322,5,583,233,67,85
323,1,682,575,35,96
323,2,389,507,48,80
323,3,524,641,50,71
323,4,406,596,106,34
323,5,582,231,64,86
324,1,679,579,37,91
324,2,388,513,50,76
324,3,523,642,53,71
324,4,408,596,103,39
324,5,579,229,65,85
325,1,676,582,39,87
325,2,388,516,52,74
325,3,521,643,56,70
325,4,408,600,99,40
325,5,577,226,70,84
326,1,671,591,48,72
326,2,387,517,52,74
326,3,519,644,58,70
326,4,408,598,98,44
326,5,576,229,77,77
327,1,666,601,58,58
327,2,386,518,53,74
327,3,518,646,62,70
327,4,407,596,94,49
327,5,570,231,76,71
328,1,662,609,65,49
328,2,385,519,53,74
328,3,517,648,65,69
328,4,407,595,90,53
328,5,568,236,71,66
329,1,658,616,73,40
329,2,385,519,55,76
329,3,515,649,68,69
329,4,407,593,86,56
329,5,567,231,68,64
330,1,654,624,80,33
330,2,385,521,58,75
330,3,514,650,71,68
330,4,405,591,86,59
330,5,570,234,64,53
331,1,651,625,85,30
331,2,385,525,59,73
331,3,513,652,73,66
331,4,404,590,85,61
331,5,569,231,67,51
332,1,648,625,89,31
332,2,385,528,59,72
332,3,512,654,75,64
332,4,402,589,85,64
332,5,567,228,72,59
333,1,644,623,90,34
333,2,385,532,58,70
333,3,511,656,77,61
333,4,401,585,83,70
333,5,566,227,74,64
334,1,641,621,91,40
334,2,384,531,55,72
334,3,508,658,77,57
334,4,401,580,82,76
334,5,563,226,73,69
335,1,637,620,91,40
335,2,384,530,53,74
335,3,508,658,73,53
335,4,399,576,81,82
335,5,562,221,70,78
336,1,633,618,92,42
336,2,383,529,49,77
336,3,506,659,72,51
336,4,396,574,80,87
336,5,561,219,66,84
337,1,630,617,91,43
337,2,382,528,48,79
337,3,507,661,65,51
337,4,396,572,78,88
337,5,559,219,62,88
338,1,627,615,91,43
338,2,381,528,46,80
338,3,507,668,64,44
338,4,397,570,74,92
338,5,557,218,58,93
339,1,624,614,93,45
339,2,380,528,46,82
339,3,507,674,63,39
339,4,400,572,68,93
339,5,557,223,56,94
340,1,622,613,91,43
340,2,379,528,46,83
340,3,507,672,65,42
340,4,403,577,62,91
340,5,556,228,54,94
341,1,619,612,91,41
341,2,379,529,44,84
341,3,505,669,67,46
341,4,404,583,64,86
341,5,557,234,47,94
342,1,616,612,91,40
342,2,378,529,44,86
342,3,504,666,69,49
342,4,403,589,60,80
342,5,558,239,41,94
343,1,614,610,91,40
343,2,378,529,42,87
343,3,502,663,71,53
343,4,403,592,52,78
343,5,560,245,34,93
344,1,611,610,92,39
344,2,379,531,43,87
344,3,500,661,70,56
344,4,402,593,47,78
344,5,560,247,33,98
345,1,608,611,93,37
345,2,380,537,47,83
345,3,498,659,71,60
345,4,401,592,42,81
345,5,560,249,30,103
346,1,606,610,93,36
346,2,381,541,50,81
346,3,497,656,70,63
346,4,400,591,45,84
346,5,560,251,29,108
347,1,604,610,94,34
347,2,381,545,50,79
347,3,495,654,66,65
347,4,398,589,48,89
347,5,560,258,29,108
348,1,602,609,94,34
348,2,379,550,51,75
348,3,494,652,65,68
348,4,400,587,48,93
348,5,560,264,29,107
349,1,599,608,95,33
349,2,379,552,50,74
349,3,492,651,64,70
349,4,399,589,51,94
349,5,560,271,29,107
350,1,597,607,95,34
350,2,380,553,48,75
350,3,491,649,63,73
350,4,398,592,54,94
350,5,559,276,30,107
351,1,596,607,96,33
351,2,380,552,45,78
351,3,489,647,63,74
351,4,396,591,57,97
351,5,559,282,31,107
352,1,593,606,95,32
352,2,382,551,41,81
352,3,487,645,62,75
352,4,395,597,60,94
352,5,559,289,32,105
353,1,592,607,90,34
353,2,382,548,36,86
353,3,486,644,62,75
353,4,393,601,64,91
353,5,555,297,35,101
354,1,591,608,84,36
354,2,382,546,32,90
354,3,484,642,63,74
354,4,394,603,64,92
354,5,552,305,38,98
355,1,589,607,80,39
355,2,382,544,29,93
355,3,482,640,65,74
355,4,395,604,65,93
355,5,549,313,44,97
356,1,587,606,78,43
356,2,383,544,27,95
356,3,481,639,67,72
356,4,394,605,66,93
356,5,546,321,49,96
357,1,585,606,77,46
357,2,383,544,24,96
357,3,479,637,69,71
357,4,395,605,67,95
357,5,544,328,55,95
358,1,581,606,77,48
358,2,384,544,21,99
358,3,478,636,69,70
358,4,397,608,66,95
358,5,541,335,57,95
359,1,579,603,77,53
359,2,384,544,17,100
359,3,476,635,68,69
359,4,400,609,64,95
359,5,537,341,59,96
360,1,577,601,77,57
360,2,384,545,18,101
360,3,474,633,68,69
360,4,401,610,64,95
360,5,534,347,61,96
361,1,575,599,77,62
361,2,381,548,20,98
361,3,473,630,64,72
361,4,402,611,64,95
361,5,532,352,59,97
362,1,572,598,75,65
362,2,381,551,21,97
362,3,472,627,62,72
362,4,403,612,64,95
362,5,529,357,57,98
363,1,570,596,74,68
363,2,381,553,24,97
363,3,472,624,64,70
363,4,403,613,65,94
363,5,527,362,55,98
364,1,567,596,71,70
364,2,380,555,24,97
364,3,470,620,68,65
364,4,407,613,62,94
364,5,524,368,55,98
365,1,565,598,71,71
365,2,380,557,25,96
365,3,467,618,72,61
365,4,410,613,60,94
365,5,521,373,56,98
366,1,563,600,69,71
366,2,380,558,25,96
366,3,464,615,68,64
366,4,413,613,56,94
366,5,519,378,56,98
367,1,560,601,69,71
367,2,380,561,26,95
367,3,461,612,66,68
367,4,415,614,54,91
367,5,516,383,56,98
368,1,559,603,69,72
368,2,380,562,27,95
368,3,459,610,64,73
368,4,415,616,55,89
368,5,514,388,56,99
369,1,557,605,69,72
369,2,380,563,27,95
369,3,456,607,61,74
369,4,414,618,55,87
369,5,511,393,56,99
370,1,555,606,69,72
370,2,380,564,27,95
370,3,453,604,58,77
370,4,414,620,55,86
370,5,509,398,55,99
371,1,554,608,69,72
371,2,382,564,25,95
371,3,451,602,58,77
371,4,412,622,57,84
371,5,507,401,55,100
372,1,552,609,69,72
372,2,385,565,22,95
372,3,448,600,59,76
372,4,411,624,59,83
372,5,505,406,54,100
373,1,550,611,69,72
373,2,388,566,20,96
373,3,445,598,62,74
373,4,409,625,61,83
373,5,503,410,53,100
374,1,549,613,69,72
374,2,389,566,18,97
374,3,443,595,64,74
374,4,407,626,63,82
374,5,501,415,52,100
375,1,547,614,69,72
375,2,390,566,17,97
375,3,440,593,67,72
375,4,405,627,66,82
375,5,499,419,52,100
376,1,545,616,69,72
376,2,390,566,17,98
376,3,438,591,67,71
376,4,404,627,68,83
376,5,496,423,53,101
377,1,544,618,69,72
377,2,391,567,16,98
377,3,436,588,67,70
377,4,402,628,71,83
377,5,494,426,53,101
378,1,542,619,69,72
378,2,391,567,17,99
378,3,435,586,67,68
378,4,403,629,71,82
378,5,492,430,54,102
379,1,540,621,69,72
379,2,391,567,18,99
379,3,435,582,67,66
379,4,403,630,71,81
379,5,490,434,55,101
380,1,539,623,69,72
380,2,391,568,18,99
380,3,433,579,67,61
380,4,404,631,70,80
380,5,488,437,56,102
381,1,538,625,69,71
381,2,391,568,18,100
381,3,429,577,68,59
381,4,409,633,69,76
381,5,485,441,57,101
382,1,537,626,68,71
382,2,391,568,19,100
382,3,426,574,66,64
382,4,414,634,67,72
382,5,483,445,57,101
383,1,536,628,68,70
383,2,391,570,20,99
383,3,422,571,62,69
383,4,419,635,64,68
383,5,481,449,58,100
384,1,534,630,68,70
384,2,391,571,20,99
384,3,418,568,61,71
384,4,419,633,67,67
384,5,479,453,58,100
385,1,533,631,68,70
385,2,391,572,21,98
385,3,415,566,59,73
385,4,418,635,70,65
385,5,478,457,57,99
386,1,532,632,68,70
386,2,390,573,21,98
386,3,412,563,62,73
386,4,414,637,76,62
386,5,477,461,57,99
387,1,531,633,68,70
387,2,389,575,23,97
387,3,409,560,65,71
387,4,412,640,80,58
387,5,475,464,57,98
388,1,529,635,68,70
388,2,388,576,24,97
388,3,405,557,70,69
388,4,409,644,84,55
388,5,473,468,57,97
389,1,528,636,68,70
389,2,387,579,25,95
389,3,402,555,73,67
389,4,407,647,88,51
389,5,472,472,57,96
390,1,527,637,68,70
390,2,384,581,30,93
390,3,400,553,73,66
390,4,406,650,91,48
390,5,466,476,62,90
391,1,526,638,68,70
391,2,383,583,33,92
391,3,397,551,73,64
391,4,405,654,94,45
391,5,464,479,63,89
392,1,525,640,68,70
392,2,382,586,34,91
392,3,394,548,73,64
392,4,405,657,96,42
392,5,461,483,67,85
393,1,524,641,68,70
393,2,383,589,32,89
393,3,391,546,73,64
393,4,404,660,98,39
393,5,457,486,67,82
394,1,523,641,69,71
394,2,387,588,28,91
394,3,389,544,72,63
394,4,404,664,100,36
394,5,456,489,66,81
395,1,520,642,69,69
395,2,390,586,24,95
395,3,387,542,72,63
395,4,406,666,100,33
395,5,453,491,65,79
396,1,514,644,68,59
396,2,392,585,21,98
396,3,383,539,73,65
396,4,407,668,101,32
396,5,453,495,64,75
397,1,514,647,62,55
397,2,395,585,18,100
397,3,381,537,72,65
397,4,406,670,103,29
397,5,450,500,66,73
398,1,515,655,59,48
398,2,395,586,18,100
398,3,380,535,71,65
398,4,406,672,105,28
398,5,446,505,72,67
399,1,514,662,60,42
399,2,394,588,18,100
399,3,378,533,70,66
399,4,406,673,106,27
399,5,443,510,78,62
400,1,513,661,64,45
400,2,395,589,18,100
400,3,375,531,71,66
400,4,406,673,108,25
400,5,442,516,81,57
401,1,512,657,68,50
401,2,394,591,19,101
401,3,373,529,70,66
401,4,406,674,109,25
401,5,443,519,79,55
402,1,510,653,66,56
402,2,393,592,19,100
402,3,371,528,71,66
402,4,409,674,108,25
402,5,443,523,78,51
403,1,508,650,66,61
403,2,393,594,22,100
403,3,369,526,71,66
403,4,411,674,108,25
403,5,444,526,76,49
404,1,506,646,65,66
404,2,393,596,22,99
404,3,366,524,71,66
404,4,413,674,107,25
404,5,442,526,73,51
405,1,505,644,62,69
405,2,393,597,24,99
405,3,364,523,71,66
405,4,415,674,106,25
405,5,440,526,78,52
406,1,503,642,60,72
406,2,392,599,24,100
406,3,363,521,70,66
406,4,416,674,106,26
406,5,439,526,81,55
407,1,501,639,58,76
407,2,392,600,23,100
407,3,361,520,70,66
407,4,418,674,105,26
407,5,436,524,85,60
408,1,500,637,57,77
408,2,391,602,23,101
408,3,359,518,69,66
408,4,419,673,106,26
408,5,432,522,87,65
409,1,498,635,57,77
409,2,391,602,22,101
409,3,358,517,68,67
409,4,420,673,106,25
409,5,429,521,85,70
410,1,497,632,56,78
410,2,390,603,26,102
410,3,356,516,68,66
410,4,421,672,106,25
410,5,426,517,83,73
411,1,495,630,57,78
411,2,388,603,27,103
411,3,354,514,67,67
411,4,423,672,106,26
411,5,422,514,84,73
412,1,494,629,56,77
412,2,388,605,28,102
412,3,353,513,67,67
412,4,424,671,105,27
412,5,418,511,86,73
413,1,493,627,57,77
413,2,388,606,28,102
413,3,351,511,67,67
413,4,426,670,105,28
413,5,415,509,86,72
414,1,491,625,58,76
414,2,388,608,27,102
414,3,349,509,67,67
414,4,427,670,105,28
414,5,413,507,87,70
415,1,490,623,58,76
415,2,388,609,28,102
415,3,348,508,67,66
415,4,428,669,104,28
415,5,410,506,89,67
416,1,489,622,59,75
416,2,388,610,27,102
416,3,346,507,67,67
416,4,429,669,104,29
416,5,404,510,90,60
417,1,488,620,59,74
417,2,388,611,27,102
417,3,345,506,67,66
417,4,430,669,104,29
417,5,403,511,83,57
418,1,486,619,59,73
418,2,388,611,26,103
418,3,344,505,66,66
418,4,432,669,104,29
418,5,404,507,77,59
419,1,485,617,59,72
419,2,388,612,25,103
419,3,342,503,66,66
419,4,433,669,104,29
419,5,406,505,70,52
420,1,484,616,59,72
420,2,388,614,24,102
420,3,341,502,66,67
420,4,434,669,104,29
420,5,407,503,68,52
421,1,483,614,60,72
421,2,388,616,23,101
421,3,339,501,66,66
421,4,434,668,104,29
421,5,406,500,67,60
422,1,482,612,60,72
422,2,388,615,23,102
422,3,338,500,66,66
422,4,435,668,104,29
422,5,404,496,67,67
423,1,480,611,61,71
423,2,388,617,23,100
423,3,336,499,66,65
423,4,437,668,103,30
423,5,403,493,67,75
424,1,477,611,63,69
424,2,387,619,25,97
424,3,334,499,67,63
424,4,437,667,103,33
424,5,403,489,63,82
425,1,473,612,65,63
425,2,381,621,30,93
425,3,328,501,72,60
425,4,439,667,101,38
425,5,403,486,59,89
426,1,471,610,60,65
426,2,382,624,34,87
426,3,328,497,67,60
426,4,442,669,97,42
426,5,402,482,55,96
427,1,472,610,54,61
427,2,380,632,41,76
427,3,329,501,63,55
427,4,446,666,91,47
427,5,401,482,51,99
428,1,471,613,57,47
428,2,377,637,45,67
428,3,334,500,50,44
428,4,449,663,90,49
428,5,401,482,46,102
429,1,470,613,56,39
429,2,374,646,50,56
429,3,335,497,50,49
429,4,453,659,85,54
429,5,400,482,41,105
430,1,469,612,63,42
430,2,371,651,55,50
430,3,336,494,48,54
430,4,456,658,84,54
430,5,401,485,38,105
431,1,468,611,64,45
431,2,370,651,57,48
431,3,337,492,48,58
431,4,456,656,85,56
431,5,400,488,35,105
432,1,467,609,63,48
432,2,368,654,61,44
432,3,338,491,48,61
432,4,455,656,87,56
432,5,398,490,37,105
433,1,466,605,62,54
433,2,366,657,65,41
433,3,337,489,45,66
433,4,456,656,88,55
433,5,397,493,36,105
434,1,464,602,61,61
434,2,364,660,69,39
434,3,337,487,42,69
434,4,457,655,88,56
434,5,397,496,36,105
435,1,462,601,59,63
435,2,361,663,74,35
435,3,336,483,39,76
435,4,457,655,89,55
435,5,397,499,35,105
436,1,461,601,57,65
436,2,359,667,79,31
436,3,336,482,37,79
436,4,458,655,90,55
436,5,396,501,39,105
437,1,460,600,55,67
437,2,356,668,84,30
437,3,336,483,38,80
437,4,459,655,89,55
437,5,395,503,38,106
438,1,458,601,55,67
438,2,355,668,88,31
438,3,336,484,38,81
438,4,457,655,91,55
438,5,395,506,39,106
439,1,456,602,56,68
439,2,356,666,90,32
439,3,336,485,39,82
439,4,460,652,88,58
439,5,394,508,40,106
440,1,455,604,56,68
440,2,357,666,91,34
440,3,337,487,39,84
440,4,461,651,87,60
440,5,393,510,41,106
441,1,454,605,57,68
441,2,358,665,93,35
441,3,335,489,42,84
441,4,462,652,86,59
441,5,392,514,42,105
442,1,453,607,57,67
442,2,361,663,92,37
442,3,335,491,43,85
442,4,463,654,84,57
442,5,393,520,44,102
443,1,452,610,58,66
443,2,363,663,92,37
443,3,333,494,45,84
443,4,465,653,82,58
443,5,393,525,46,100
444,1,450,613,60,64
444,2,366,661,93,38
444,3,332,498,47,83
444,4,467,652,80,59
444,5,393,531,46,98
445,1,449,613,61,65
445,2,367,660,94,38
445,3,332,502,48,81
445,4,468,650,81,60
445,5,392,535,42,97
446,1,448,615,61,64
446,2,368,660,96,37
446,3,335,500,46,85
446,4,470,648,83,60
446,5,392,534,33,104
447,1,447,618,61,66
447,2,370,659,96,34
447,3,338,501,44,86
447,4,472,645,86,59
447,5,392,536,32,105
448,1,447,622,62,66
448,2,371,659,96,30
448,3,340,501,42,89
448,4,474,641,87,61
448,5,392,538,31,106
449,1,447,627,61,63
449,2,375,658,94,28
449,3,344,503,39,89
449,4,474,638,90,63
449,5,391,540,30,107
450,1,447,631,64,61
450,2,377,657,95,28
450,3,348,505,36,89
450,4,478,635,89,64
450,5,391,544,30,108
451,1,447,631,62,62
451,2,379,658,95,28
451,3,351,508,33,89
451,4,487,636,83,61
451,5,390,548,29,108
452,1,447,629,56,66
452,2,382,658,93,28
452,3,350,510,34,89
452,4,489,637,85,60
452,5,390,551,29,108
453,1,447,628,52,68
453,2,384,657,93,29
453,3,349,512,34,90
453,4,493,639,84,58
453,5,389,555,29,108
454,1,447,626,49,72
454,2,391,656,88,33
454,3,347,515,35,90
454,4,493,642,86,55
454,5,389,558,29,109
455,1,447,623,47,77
455,2,397,656,82,35
455,3,347,517,36,89
455,4,492,645,90,51
455,5,388,562,29,109
456,1,447,620,44,81
456,2,400,655,82,37
456,3,347,520,36,89
456,4,491,649,94,48
456,5,387,565,30,108
457,1,447,619,42,81
457,2,407,652,76,40
457,3,347,522,37,88
457,4,490,652,96,44
457,5,386,568,31,109
458,1,447,617,41,81
458,2,412,652,73,41
458,3,349,523,35,89
458,4,490,656,99,41
458,5,384,572,32,108
459,1,447,622,38,71
459,2,413,650,74,45
459,3,351,525,33,90
459,4,490,659,101,38
459,5,383,575,33,107
460,1,442,629,43,55
460,2,413,650,77,46
460,3,353,526,32,91
460,4,490,662,104,35
460,5,383,577,34,107
461,1,439,634,51,45
461,2,414,649,81,50
461,3,355,527,30,92
461,4,491,664,104,33
461,5,382,580,35,106
462,1,437,635,57,42
462,2,415,648,83,53
462,3,356,529,30,92
462,4,493,666,104,33
462,5,382,582,35,106
463,1,434,638,64,38
463,2,418,646,84,57
463,3,356,531,29,92
463,4,495,668,105,32
463,5,380,584,38,107
464,1,431,641,71,33
464,2,424,644,82,61
464,3,357,532,29,92
464,4,497,670,105,32
464,5,381,586,36,107
465,1,428,644,78,29
465,2,427,644,81,64
465,3,357,534,29,91
465,4,499,668,104,33
465,5,381,586,36,108
466,1,427,646,82,26
466,2,432,646,80,65
466,3,357,536,30,92
466,4,501,668,104,33
466,5,382,591,37,104
467,1,426,649,86,22
467,2,433,647,81,66
467,3,357,538,30,91
467,4,503,668,104,33
467,5,383,592,37,105
468,1,426,652,90,19
468,2,436,652,80,64
468,3,356,539,31,91
468,4,505,668,104,33
468,5,383,597,36,103
469,1,426,648,92,28
469,2,436,655,82,62
469,3,355,541,32,91
469,4,506,668,104,33
469,5,383,602,36,100
470,1,428,649,92,26
470,2,440,659,81,60
470,3,355,542,33,91
470,4,508,668,103,34
470,5,384,605,38,98
471,1,431,647,93,27
471,2,443,663,79,58
471,3,354,544,34,90
471,4,510,668,103,34
471,5,382,608,41,97
472,1,433,646,93,30
472,2,444,663,81,59
472,3,353,546,36,90
472,4,511,668,103,34
472,5,381,611,45,96
473,1,435,644,94,30
473,2,442,663,84,59
473,3,353,548,37,89
473,4,513,668,103,35
473,5,379,613,48,95
474,1,437,642,94,33
474,2,444,663,85,58
474,3,352,548,38,89
474,4,515,668,103,35
474,5,379,616,50,93
475,1,439,643,94,31
475,2,446,663,86,58
475,3,351,550,39,90
475,4,516,668,103,35
475,5,377,633,53,78
476,1,442,643,94,32
476,2,447,663,87,58
476,3,352,552,39,89
476,4,518,668,102,36
476,5,375,630,57,83
477,1,444,643,94,31
477,2,450,663,86,58
477,3,351,553,40,88
477,4,519,668,102,36
477,5,373,625,61,87
478,1,446,642,94,32
478,2,453,663,85,57
478,3,351,554,40,88
478,4,520,669,103,35
478,5,371,628,71,82
479,1,448,642,94,33
479,2,456,662,84,57
479,3,351,555,41,88
479,4,522,669,102,35
479,5,382,639,66,66
480,1,450,642,94,33
480,2,458,663,84,56
480,3,350,557,42,88
480,4,523,669,103,35
480,5,381,639,72,61
481,1,452,642,94,33
481,2,460,666,84,52
481,3,350,558,43,87
481,4,524,669,103,35
481,5,378,641,78,63
482,1,454,642,94,33
482,2,462,668,83,49
482,3,349,561,44,86
482,4,525,670,103,35
482,5,376,644,84,59
483,1,456,642,94,33
483,2,464,670,83,46
483,3,349,561,44,87
483,4,527,670,103,35
483,5,373,651,91,52
484,1,458,642,94,33
484,2,464,675,85,41
484,3,350,562,44,88
484,4,528,670,103,35
484,5,370,657,96,45
485,1,460,642,93,33
485,2,465,680,87,36
485,3,350,563,44,88
485,4,529,670,103,35
485,5,369,662,101,39
486,1,461,642,94,33
486,2,465,684,89,31
486,3,350,564,44,89
486,4,530,670,103,35
486,5,369,661,104,40
487,1,463,642,93,33
487,2,464,687,91,28
487,3,349,565,45,88
487,4,532,671,103,34
487,5,368,660,108,40
488,1,465,642,93,33
488,2,464,690,93,25
488,3,348,567,47,87
488,4,534,672,102,33
488,5,369,659,109,41
489,1,467,641,93,34
489,2,464,693,95,22
489,3,347,569,49,86
489,4,535,673,101,32
489,5,370,659,111,39
490,1,468,641,93,34
490,2,464,696,97,19
490,3,348,573,48,84
490,4,540,670,99,34
490,5,372,659,112,38
491,1,470,640,93,36
491,2,464,698,99,17
491,3,350,575,47,83
491,4,544,667,97,36
491,5,377,658,109,41
492,1,473,640,92,37
492,2,465,698,99,17
492,3,354,573,44,86
492,4,549,666,93,36
492,5,379,660,110,41
493,1,476,641,92,35
493,2,467,698,100,17
493,3,356,572,42,88
493,4,552,667,92,36
493,5,384,659,108,41
494,1,479,641,90,34
494,2,468,697,101,17
494,3,359,573,40,89
494,4,554,668,92,35
494,5,385,658,109,40
495,1,482,641,89,33
495,2,470,697,100,18
495,3,361,575,38,89
495,4,556,668,92,35
495,5,389,659,108,38
496,1,484,641,89,33
496,2,472,696,99,18
496,3,360,579,39,88
496,4,557,667,94,37
496,5,390,658,109,38
497,1,486,641,89,32
497,2,473,696,99,19
497,3,357,582,40,86
497,4,558,665,94,38
497,5,392,658,109,36
498,1,488,641,89,31
498,2,474,696,100,20
498,3,355,585,42,86
498,4,559,664,96,39
498,5,393,657,110,36
499,1,489,641,90,32
499,2,475,696,100,19
499,3,354,590,43,84
499,4,562,662,96,40
499,5,394,657,111,37
500,1,491,640,89,33
500,2,478,697,99,19
500,3,355,594,44,83
500,4,566,661,94,43
500,5,396,658,112,37
501,1,493,640,90,33
501,2,479,696,99,18
501,3,359,594,40,86
501,4,569,660,93,45
501,5,398,657,111,37
502,1,494,640,90,33
502,2,482,695,97,19
502,3,363,593,36,89
502,4,572,659,92,47
502,5,401,657,111,38
503,1,495,639,91,33
503,2,484,695,97,20
503,3,368,593,32,92
503,4,576,658,90,48
503,5,403,656,111,38
504,1,497,639,91,33
504,2,486,694,96,20
504,3,372,594,29,93
504,4,578,657,89,51
504,5,405,656,111,38
505,1,498,640,91,32
505,2,487,694,96,20
505,3,374,596,28,94
505,4,582,655,88,52
505,5,407,656,110,38
506,1,500,640,91,32
506,2,489,694,95,20
506,3,377,598,26,94
506,4,584,654,87,53
506,5,409,656,110,37
507,1,502,640,91,31
507,2,490,694,95,21
507,3,379,600,25,94
507,4,583,653,90,56
507,5,411,656,110,38
508,1,503,640,91,31
508,2,492,694,94,20
508,3,378,602,26,94
508,4,588,651,88,57
508,5,413,656,110,38
509,1,505,640,90,31
509,2,494,693,94,20
509,3,378,604,27,94
509,4,589,650,88,58
509,5,414,655,110,39
510,1,507,640,90,31
510,2,495,693,94,20
510,3,377,607,28,94
510,4,591,649,88,59
510,5,417,655,109,39
511,1,508,640,89,32
511,2,496,692,94,20
511,3,377,609,28,94
511,4,593,648,88,59
511,5,419,655,108,39
512,1,514,641,83,33
512,2,497,692,94,19
512,3,378,611,27,94
512,4,595,649,89,58
512,5,422,655,108,39
513,1,520,640,74,39
513,2,497,692,95,19
513,3,379,613,27,94
513,4,597,651,91,55
513,5,423,655,108,38
514,1,524,640,68,43
514,2,498,692,95,18
514,3,379,615,28,94
514,4,599,645,92,59
514,5,424,655,108,38
515,1,530,638,58,48
515,2,498,691,96,18
515,3,380,617,29,94
515,4,607,651,86,55
515,5,425,655,109,38
516,1,535,635,52,53
516,2,500,689,95,19
516,3,380,619,30,94
516,4,612,648,81,56
516,5,426,655,110,37
517,1,539,632,48,56
517,2,503,687,93,22
517,3,381,621,32,93
517,4,614,644,79,53
517,5,428,656,109,38
518,1,543,629,45,61
518,2,503,685,95,25
518,3,380,626,33,89
518,4,617,641,78,47
518,5,429,656,109,39
519,1,547,627,41,64
519,2,506,684,93,26
519,3,379,631,33,85
519,4,617,640,80,50
519,5,431,657,109,39
520,1,550,625,38,69
520,2,510,686,92,25
520,3,378,635,33,82
520,4,618,639,80,53
520,5,432,656,109,38
521,1,557,622,31,72
521,2,512,689,92,22
521,3,377,638,39,75
521,4,618,638,82,56
521,5,434,656,109,38
522,1,561,620,28,75
522,2,512,691,94,20
522,3,375,639,42,70
522,4,619,637,82,58
522,5,435,656,109,38
523,1,560,617,30,79
523,2,513,691,96,19
523,3,372,644,49,62
523,4,620,637,83,59
523,5,438,656,108,38
524,1,559,617,31,79
524,2,516,691,95,20
524,3,369,652,56,53
524,4,621,637,83,61
524,5,441,655,105,38
525,1,559,617,32,77
525,2,518,690,96,22
525,3,367,650,59,51
525,4,625,636,81,63
525,5,444,654,104,37
526,1,558,618,33,76
526,2,519,689,97,23
526,3,365,650,62,51
526,4,628,634,80,67
526,5,448,653,101,38
527,1,555,618,36,74
527,2,523,690,96,22
527,3,363,652,64,48
527,4,630,632,79,70
527,5,456,650,93,42
528,1,548,621,44,67
528,2,526,688,95,22
528,3,361,652,66,47
528,4,633,630,78,73
528,5,460,648,91,46
529,1,549,632,47,52
529,2,526,689,96,22
529,3,359,653,71,45
529,4,637,629,75,76
529,5,465,646,88,49
530,1,552,641,47,42
530,2,528,690,97,21
530,3,357,654,76,44
530,4,638,630,74,78
530,5,467,643,88,52
531,1,550,634,53,51
531,2,530,690,97,21
531,3,356,657,80,41
531,4,641,630,70,78
531,5,469,642,91,56
532,1,548,628,56,58
532,2,531,691,98,20
532,3,354,659,86,40
532,4,642,630,67,77
532,5,473,639,91,60
533,1,547,622,56,64
533,2,533,690,98,21
533,3,352,663,89,37
533,4,643,635,63,71
533,5,478,637,90,65
534,1,545,617,54,76
534,2,534,690,99,21
534,3,352,664,90,38
534,4,651,636,57,67
534,5,482,635,90,69
535,1,542,613,53,77
535,2,535,690,99,22
535,3,352,671,88,37
535,4,658,638,52,63
535,5,486,633,89,70
536,1,539,610,52,78
536,2,538,690,99,22
536,3,353,677,86,36
536,4,664,640,48,59
536,5,490,631,89,70
537,1,537,606,51,79
537,2,540,690,99,22
537,3,353,674,81,42
537,4,663,636,50,61
537,5,494,629,88,71
538,1,535,602,49,79
538,2,541,690,99,23
538,3,351,671,77,46
538,4,660,633,54,63
538,5,495,627,91,69
539,1,533,599,50,79
539,2,543,690,99,23
539,3,350,669,77,48
539,4,658,630,62,65
539,5,496,626,92,66
540,1,530,596,51,78
540,2,545,690,99,24
540,3,349,667,77,49
540,4,655,630,65,65
540,5,497,624,95,64
541,1,527,592,52,78
541,2,546,690,99,24
541,3,348,665,77,51
541,4,652,629,69,65
541,5,500,622,95,63
542,1,525,589,52,78
542,2,547,690,100,25
542,3,347,665,77,51
542,4,650,629,73,65
542,5,502,620,96,62
543,1,523,587,52,77
543,2,549,690,100,25
543,3,345,665,78,52
543,4,648,632,78,63
543,5,505,618,96,61
544,1,521,584,53,77
544,2,550,690,100,25
544,3,344,665,78,52
544,4,646,635,83,60
544,5,508,616,96,61
545,1,519,581,53,73
545,2,551,690,100,25
545,3,344,663,78,54
545,4,645,639,88,57
545,5,511,614,96,61
546,1,517,579,53,68
546,2,553,690,100,25
546,3,344,661,78,56
546,4,643,642,92,54
546,5,514,613,96,61
547,1,515,577,53,64
547,2,554,691,100,24
547,3,343,659,78,58
547,4,641,646,94,51
547,5,517,611,96,63
548,1,513,575,55,64
548,2,556,692,100,24
548,3,342,660,78,56
548,4,641,648,93,51
548,5,520,610,96,65
549,1,512,572,56,67
549,2,558,693,100,23
549,3,342,660,77,56
549,4,642,652,86,49
549,5,523,608,95,66
550,1,510,570,59,66
550,2,560,692,100,23
550,3,341,661,77,54
550,4,645,653,91,50
550,5,527,607,94,66
551,1,509,568,62,66
551,2,562,691,99,25
551,3,342,661,77,55
551,4,647,660,88,43
551,5,531,605,93,67
552,1,507,566,64,66
552,2,563,690,99,26
552,3,341,658,75,58
552,4,649,659,83,44
552,5,535,603,92,67
553,1,505,564,63,65
553,2,566,689,99,26
553,3,341,661,75,54
553,4,648,657,79,47
553,5,536,602,93,67
554,1,504,562,65,66
554,2,568,689,98,26
554,3,341,662,69,52
554,4,644,654,77,51
554,5,538,601,93,66
555,1,502,560,65,66
555,2,570,689,97,27
555,3,343,661,62,50
555,4,647,652,71,52
555,5,540,600,94,66
556,1,501,558,65,66
556,2,571,689,98,27
556,3,347,661,51,48
556,4,649,650,66,55
556,5,542,598,94,65
557,1,499,556,65,66
557,2,573,690,97,26
557,3,344,660,47,49
557,4,651,649,61,57
557,5,543,596,95,65
558,1,498,555,65,65
558,2,574,691,97,25
558,3,342,656,49,53
558,4,652,647,59,58
558,5,545,595,95,64
559,1,497,554,65,65
559,2,574,693,97,23
559,3,339,654,55,54
559,4,653,645,57,61
559,5,546,594,96,63
560,1,495,552,65,64
560,2,576,695,98,21
560,3,339,651,58,57
560,4,654,642,54,64
560,5,548,593,97,62
561,1,494,551,65,64
561,2,578,694,98,22
561,3,338,650,62,58
561,4,654,639,52,67
561,5,550,592,96,62
562,1,493,549,65,64
562,2,580,692,97,24
562,3,338,649,66,59
562,4,654,636,49,69
562,5,552,590,97,62
563,1,492,548,65,63
563,2,582,692,97,24
563,3,334,652,72,57
563,4,654,632,46,85
563,5,555,588,96,62
564,1,491,546,65,63
564,2,584,693,97,23
564,3,332,655,76,55
564,4,650,630,48,87
564,5,557,588,97,61
565,1,489,545,65,63
565,2,586,693,96,23
565,3,331,657,79,53
565,4,651,627,45,90
565,5,559,587,96,60
566,1,488,543,65,63
566,2,586,693,98,22
566,3,330,660,82,51
566,4,652,625,42,92
566,5,561,587,97,59
567,1,487,542,66,63
567,2,587,692,99,22
567,3,330,662,84,49
567,4,650,625,43,93
567,5,568,586,94,61
568,1,487,540,65,63
568,2,588,691,99,23
568,3,330,665,86,48
568,4,649,626,43,92
568,5,574,585,92,63
569,1,486,539,66,64
569,2,589,690,100,24
569,3,331,666,86,47
569,4,644,626,45,90
569,5,581,584,90,65
570,1,486,535,62,67
570,2,592,691,100,23
570,3,332,667,87,46
570,4,642,626,43,73
570,5,585,583,89,66
571,1,484,533,61,68
571,2,593,691,100,23
571,3,334,669,87,45
571,4,636,629,52,72
571,5,587,583,90,62
572,1,484,530,60,64
572,2,596,694,99,21
572,3,336,669,87,45
572,4,634,633,58,67
572,5,587,582,93,56
573,1,486,527,54,65
573,2,598,694,99,21
573,3,337,669,87,46
573,4,632,639,62,61
573,5,586,583,97,50
574,1,487,524,48,69
574,2,600,693,98,22
574,3,339,669,87,46
574,4,631,645,67,55
574,5,586,584,101,43
575,1,487,522,45,72
575,2,601,691,99,24
575,3,341,668,87,47
575,4,630,651,71,49
575,5,585,584,105,37
576,1,486,520,41,76
576,2,604,691,98,24
576,3,342,668,87,48
576,4,628,654,75,45
576,5,586,584,107,36
577,1,486,518,37,79
577,2,606,691,98,24
577,3,342,669,88,48
577,4,626,661,80,39
577,5,588,584,108,34
578,1,486,516,34,83
578,2,609,691,97,24
578,3,343,669,88,48
578,4,623,664,85,37
578,5,590,584,110,33
579,1,486,514,30,86
579,2,611,692,97,24
579,3,344,669,88,48
579,4,621,663,90,37
579,5,593,584,110,33
580,1,486,511,29,87
580,2,612,692,97,24
580,3,345,669,89,47
580,4,619,661,94,40
580,5,596,584,111,33
581,1,485,509,30,88
581,2,613,692,98,24
581,3,346,669,89,47
581,4,617,659,96,43
581,5,599,584,111,33
582,1,485,507,31,89
582,2,614,692,99,23
582,3,348,671,89,43
582,4,614,658,98,46
582,5,602,584,110,33
583,1,484,505,32,89
583,2,615,692,100,23
583,3,352,670,87,43
583,4,613,657,98,45
583,5,605,584,110,33
584,1,484,503,31,90
584,2,617,691,99,24
584,3,358,669,84,43
584,4,611,656,98,45
584,5,609,584,109,33
585,1,484,501,31,91
585,2,619,691,99,24
585,3,362,669,82,42
585,4,610,655,90,45
585,5,611,584,110,33
586,1,484,499,30,91
586,2,621,690,98,24
586,3,367,671,79,40
586,4,609,655,92,46
586,5,614,584,110,32
587,1,484,497,30,91
587,2,621,689,100,25
587,3,367,675,80,36
587,4,607,654,95,47
587,5,616,584,110,32
588,1,484,495,29,90
588,2,623,688,99,26
588,3,367,679,83,32
588,4,605,653,97,46
588,5,619,584,110,32
589,1,484,494,29,90
589,2,624,688,99,26
589,3,366,682,86,28
589,4,605,651,97,45
589,5,622,584,110,32
590,1,484,492,29,90
590,2,626,687,99,27
590,3,365,686,89,23
590,4,604,650,96,43
590,5,625,584,109,32
591,1,484,491,29,90
591,2,627,686,99,28
591,3,366,686,91,23
591,4,603,648,94,41
591,5,628,584,109,32
592,1,484,489,29,90
592,2,628,686,100,28
592,3,367,686,92,22
592,4,602,647,94,43
592,5,630,584,110,32
593,1,483,488,31,89
593,2,630,685,99,28
593,3,368,686,94,21
593,4,600,646,91,45
593,5,632,584,110,32
594,1,482,486,32,89
594,2,631,685,100,28
594,3,370,685,94,22
594,4,597,645,91,47
594,5,635,584,110,32
595,1,482,485,33,89
595,2,632,685,99,27
595,3,372,685,95,23
595,4,594,643,93,51
595,5,638,584,109,33
596,1,483,484,33,89
596,2,637,685,95,27
596,3,374,684,95,24
596,4,592,641,91,58
596,5,641,584,109,33
597,1,483,482,33,89
597,2,641,683,90,30
597,3,376,684,95,24
597,4,592,641,91,58
597,5,645,584,105,37
598,1,483,480,33,90
598,2,647,678,82,38
598,3,377,684,95,25
598,4,587,643,89,54
598,5,649,583,102,41
599,1,483,479,33,90
599,2,655,671,70,47
599,3,379,684,95,26
599,4,585,643,86,49
599,5,654,583,98,46
600,1,483,477,33,91
600,2,662,666,60,54
600,3,381,683,95,26
600,4,584,642,91,46
600,5,658,582,95,50
601,1,486,477,32,89
601,2,666,662,54,58
601,3,383,682,95,27
601,4,582,641,93,43
601,5,663,580,93,54
602,1,486,479,32,83
602,2,668,657,52,63
602,3,385,682,95,28
602,4,578,641,96,41
602,5,667,579,90,58
603,1,483,481,40,76
603,2,669,654,49,67
603,3,387,682,95,28
603,4,575,637,96,42
603,5,671,578,89,62
604,1,480,482,46,68
604,2,669,648,49,73
604,3,389,682,95,28
604,4,571,636,96,46
604,5,674,577,87,65
605,1,477,484,52,60
605,2,673,644,44,79
605,3,390,682,95,28
605,4,570,636,93,48
605,5,678,575,86,69
606,1,477,484,56,55
606,2,677,639,41,84
606,3,392,682,95,26
606,4,566,637,91,47
606,5,681,574,85,72
607,1,474,484,61,51
607,2,682,636,36,88
607,3,394,683,95,25
607,4,564,639,89,44
607,5,685,572,84,76
608,1,470,483,68,47
608,2,684,632,34,94
608,3,395,684,95,23
608,4,561,639,91,40
608,5,688,571,83,79
609,1,467,483,73,44
609,2,687,627,33,98
609,3,397,684,95,23
609,4,558,639,93,37
609,5,692,570,81,82
610,1,465,482,78,40
610,2,690,624,29,99
610,3,398,683,96,23
610,4,555,639,94,34
610,5,696,570,79,85
611,1,465,481,81,37
611,2,694,620,26,101
611,3,399,683,96,23
611,4,552,640,96,34
611,5,700,569,78,88
612,1,464,481,84,34
612,2,697,617,23,102
612,3,401,683,96,22
612,4,549,641,98,33
612,5,703,571,78,89
613,1,464,480,87,31
613,2,696,613,24,102
613,3,403,684,97,22
613,4,546,641,100,34
613,5,705,573,77,89
614,1,466,479,88,30
614,2,696,610,25,101
614,3,404,684,97,21
614,4,543,641,103,35
614,5,708,574,77,90
615,1,468,477,88,29
615,2,695,606,26,101
615,3,406,683,97,22
615,4,540,638,103,39
615,5,710,576,77,90
616,1,469,477,89,28
616,2,694,604,28,101
616,3,407,683,97,22
616,4,537,637,104,40
616,5,712,578,76,91
617,1,472,477,89,28
617,2,694,601,30,101
617,3,409,683,97,22
617,4,535,638,104,41
617,5,714,580,76,91
618,1,474,476,89,28
618,2,693,599,33,100
618,3,411,683,97,22
618,4,533,637,104,43
618,5,716,581,75,92
619,1,476,475,89,28
619,2,695,596,31,100
619,3,412,683,96,22
619,4,531,636,103,45
619,5,718,583,75,92
620,1,478,475,90,28
620,2,696,593,29,100
620,3,414,683,96,22
620,4,529,635,102,47
620,5,721,584,74,93
621,1,480,475,90,28
621,2,697,590,29,100
621,3,414,684,97,23
621,4,527,635,102,48
621,5,723,585,73,94
622,1,482,475,90,28
622,2,697,587,29,100
622,3,414,684,97,24
622,4,524,635,101,49
622,5,725,585,72,96
623,1,484,475,91,27
623,2,698,584,28,100
623,3,414,684,98,25
623,4,522,635,101,50
623,5,728,586,71,97
624,1,485,475,91,27
624,2,699,582,28,100
624,3,418,682,95,27
624,4,520,636,100,50
624,5,730,588,70,97
625,1,486,475,92,26
625,2,699,580,29,100
625,3,418,682,95,28
625,4,519,636,99,51
625,5,733,589,69,98
626,1,491,474,88,29
626,2,699,577,29,101
626,3,419,680,94,32
626,4,517,636,99,52
626,5,735,590,68,98
627,1,495,474,84,32
627,2,699,575,29,101
627,3,420,679,94,34
627,4,515,636,98,53
627,5,738,591,66,99
628,1,500,474,80,35
628,2,699,573,29,101
628,3,422,679,93,34
628,4,513,636,98,54
628,5,739,593,64,100
629,1,505,474,77,38
629,2,699,570,29,101
629,3,424,680,91,34
629,4,512,636,97,55
629,5,739,598,65,98
630,1,510,474,73,41
630,2,699,568,29,101
630,3,424,680,92,33
630,4,510,636,97,55
630,5,736,604,74,94
631,1,511,473,74,45
631,2,699,566,29,100
631,3,428,684,90,30
631,4,509,637,96,55
631,5,738,612,68,85
632,1,513,471,73,49
632,2,700,564,29,100
632,3,431,681,88,33
632,4,507,637,96,56
632,5,742,618,60,80
633,1,515,470,74,52
633,2,700,562,29,100
633,3,433,682,87,33
633,4,506,637,96,57
633,5,750,621,50,77
634,1,518,468,73,56
634,2,700,560,29,100
634,3,434,682,88,33
634,4,504,636,97,58
634,5,757,621,45,77
635,1,521,466,72,61
635,2,700,558,29,100
635,3,435,682,88,33
635,4,502,636,97,59
635,5,753,619,51,81
636,1,525,464,71,65
636,2,700,556,29,100
636,3,435,682,89,34
636,4,501,637,96,59
636,5,750,618,56,83
637,1,528,464,69,67
637,2,700,554,29,99
637,3,437,680,90,36
637,4,501,637,96,60
637,5,747,618,60,85
638,1,531,465,68,68
638,2,701,553,29,99
638,3,438,681,90,36
638,4,500,637,95,60
638,5,745,619,64,84
639,1,533,466,68,69
639,2,701,551,30,98
639,3,441,680,88,38
639,4,498,637,95,61
639,5,742,621,69,85
640,1,535,467,67,70
640,2,700,549,30,98
640,3,442,680,89,38
640,4,497,636,95,62
640,5,740,626,74,82
641,1,537,468,68,70
641,2,700,548,31,98
641,3,443,681,89,37
641,4,495,636,95,63
641,5,738,630,78,79
642,1,538,469,68,71
642,2,700,546,31,98
642,3,444,683,90,36
642,4,494,636,95,63
642,5,736,634,82,76
643,1,539,471,69,72
643,2,701,544,31,97
643,3,444,684,91,35
643,4,493,637,95,63
643,5,733,638,86,73
644,1,541,472,69,72
644,2,701,542,32,97
644,3,445,686,92,34
644,4,492,637,95,64
644,5,731,641,87,72
645,1,542,474,69,72
645,2,701,541,32,97
645,3,446,687,92,33
645,4,491,637,93,64
645,5,729,644,88,70
646,1,543,475,69,72
646,2,701,539,31,97
646,3,447,688,92,33
646,4,490,638,93,63
646,5,727,647,89,69
647,1,545,476,69,73
647,2,701,537,31,97
647,3,449,689,92,32
647,4,490,638,93,63
647,5,725,647,88,70
648,1,547,478,68,73
648,2,702,536,31,97
648,3,450,689,92,32
648,4,489,639,93,63
648,5,719,649,92,67
649,1,548,479,68,73
649,2,703,535,30,97
649,3,451,690,92,31
649,4,488,639,93,62
649,5,715,649,85,62
650,1,550,480,67,74
650,2,703,534,30,97
650,3,452,690,93,32
650,4,488,639,92,63
650,5,712,655,80,57
651,1,551,481,67,74
651,2,704,532,30,98
651,3,454,690,92,31
651,4,487,640,92,62
651,5,708,665,81,46
652,1,553,482,67,74
652,2,704,531,30,98
652,3,458,688,90,30
652,4,486,640,93,62
652,5,704,665,85,48
653,1,554,483,67,75
653,2,704,530,30,98
653,3,462,684,90,33
653,4,485,641,93,62
653,5,698,660,93,55
654,1,556,485,66,75
654,2,704,529,30,98
654,3,468,684,86,34
654,4,483,642,94,62
654,5,692,657,95,61
655,1,557,486,66,75
655,2,704,527,30,98
655,3,473,688,85,31
655,4,483,643,95,62
655,5,687,654,93,66
656,1,559,487,66,75
656,2,704,526,30,98
656,3,473,691,87,29
656,4,482,644,94,61
656,5,682,650,92,71
657,1,560,487,65,76
657,2,704,525,31,96
657,3,473,696,92,24
657,4,482,645,94,60
657,5,677,647,90,74
658,1,562,488,65,76
658,2,701,525,34,90
658,3,474,697,95,21
658,4,480,647,94,59
658,5,672,643,89,75
659,1,563,489,64,76
659,2,699,526,36,83
659,3,475,697,95,21
659,4,479,647,92,59
659,5,668,640,90,74
660,1,564,490,65,77
660,2,695,529,45,73
660,3,478,697,95,22
660,4,478,648,92,59
660,5,663,637,91,72
661,1,566,491,64,77
661,2,691,531,52,66
661,3,480,696,96,23
661,4,478,648,93,60
661,5,659,633,91,71
662,1,567,492,64,77
662,2,689,530,57,62
662,3,483,696,96,24
662,4,477,648,95,60
662,5,655,630,93,70
663,1,568,494,63,77
663,2,687,530,59,57
663,3,487,696,95,24
663,4,476,648,96,60
663,5,650,627,95,69
664,1,569,495,63,77
664,2,685,530,63,55
664,3,490,696,94,24
664,4,476,647,96,62
664,5,646,623,96,68
665,1,571,496,61,78
665,2,683,529,71,53
665,3,493,696,93,24
665,4,475,646,94,62
665,5,641,621,95,66
666,1,571,499,63,78
666,2,680,527,77,49
666,3,495,695,94,23
666,4,475,647,95,62
666,5,637,619,96,65
667,1,571,502,65,77
667,2,678,525,81,46
667,3,498,695,93,23
667,4,475,647,92,64
667,5,632,617,97,63
668,1,572,505,62,76
668,2,675,524,83,42
668,3,500,695,94,22
668,4,477,648,88,66
668,5,628,614,97,62
669,1,573,508,62,74
669,2,672,523,81,42
669,3,502,695,94,22
669,4,477,650,89,64
669,5,624,612,99,58
670,1,575,512,61,73
670,2,670,523,80,41
670,3,505,694,93,22
670,4,477,653,89,61
670,5,620,610,98,56
671,1,577,510,60,76
671,2,667,522,79,41
671,3,507,694,93,21
671,4,477,655,92,58
671,5,616,608,98,55
672,1,579,508,57,80
672,2,665,521,76,43
672,3,510,694,93,22
672,4,476,657,93,56
672,5,612,606,98,53
673,1,583,507,54,83
673,2,663,519,74,44
673,3,512,693,94,24
673,4,476,659,89,53
673,5,608,604,100,52
674,1,588,503,49,88
674,2,661,519,73,43
674,3,515,692,94,25
674,4,475,659,88,53
674,5,604,602,103,51
675,1,590,503,49,90
675,2,659,519,74,42
675,3,516,693,94,24
675,4,474,657,89,54
675,5,599,602,103,49
676,1,592,503,48,91
676,2,658,517,74,38
676,3,518,693,95,23
676,4,473,656,88,55
676,5,594,600,101,52
677,1,594,503,47,93
677,2,657,515,75,34
677,3,519,693,96,22
677,4,472,655,87,56
677,5,590,600,99,54
678,1,596,504,45,93
678,2,656,514,75,30
678,3,522,693,96,23
678,4,472,654,87,56
678,5,586,597,97,58
679,1,598,506,43,93
679,2,654,513,75,32
679,3,524,694,95,23
679,4,471,653,87,58
679,5,582,597,97,51
680,1,600,507,41,93
680,2,651,510,72,37
680,3,527,694,95,24
680,4,470,652,89,58
680,5,578,597,98,45
681,1,602,508,40,93
681,2,649,511,70,38
681,3,529,694,95,24
681,4,469,652,88,59
681,5,574,596,101,41
682,1,603,508,40,94
682,2,647,511,67,38
682,3,532,693,94,24
682,4,469,652,88,58
682,5,570,594,104,39
683,1,604,509,39,94
683,2,645,512,65,38
683,3,534,695,94,23
683,4,468,651,88,60
683,5,565,592,107,35
684,1,605,510,38,94
684,2,643,513,65,35
684,3,536,695,91,26
684,4,469,650,89,61
684,5,561,590,108,35
685,1,606,512,38,94
685,2,641,512,68,31
685,3,536,689,90,33
685,4,470,651,89,61
685,5,556,588,109,34
686,1,606,513,37,94
686,2,639,510,70,29
686,3,540,688,86,35
686,4,472,651,84,61
686,5,552,587,110,35
687,1,607,514,37,95
687,2,637,509,70,25
687,3,545,686,78,38
687,4,472,651,80,61
687,5,549,586,109,35
688,1,607,515,37,95
688,2,635,508,70,25
688,3,550,686,75,37
688,4,472,654,79,58
688,5,545,584,110,36
689,1,608,516,37,95
689,2,633,508,69,24
689,3,555,682,71,40
689,4,471,651,79,61
689,5,541,584,110,37
690,1,608,518,36,95
690,2,631,507,69,24
690,3,560,678,66,44
690,4,472,649,72,64
690,5,537,583,111,38
691,1,607,518,37,95
691,2,629,506,69,26
691,3,562,675,65,47
691,4,472,647,67,66
691,5,534,581,110,40
692,1,607,520,38,95
692,2,628,505,69,28
692,3,563,674,65,48
692,4,472,645,65,67
692,5,530,580,108,41
693,1,606,522,39,93
693,2,626,504,69,30
693,3,561,673,67,49
693,4,472,643,63,70
693,5,528,579,107,42
694,1,607,525,37,92
694,2,624,503,69,31
694,3,561,671,67,50
694,4,472,640,62,74
694,5,525,577,106,43
695,1,611,525,34,93
695,2,623,502,69,32
695,3,560,671,69,51
695,4,473,636,62,78
695,5,522,577,107,42
696,1,613,527,33,93
696,2,621,502,69,33
696,3,559,671,69,50
696,4,473,634,60,80
696,5,518,577,108,41
697,1,613,531,32,91
697,2,620,501,69,34
697,3,558,670,70,50
697,4,472,630,60,83
697,5,515,577,108,40
698,1,611,532,35,93
698,2,619,500,68,33
698,3,558,669,71,51
698,4,471,628,60,86
698,5,512,576,109,40
699,1,610,535,37,93
699,2,617,499,69,34
699,3,558,668,71,52
699,4,469,625,60,88
699,5,509,574,109,39
700,1,609,538,39,92
700,2,616,499,68,33
700,3,558,667,72,52
700,4,468,622,60,90
700,5,506,573,109,39
701,1,607,541,41,92
701,2,616,498,67,32
701,3,558,666,73,53
701,4,468,625,58,84
701,5,504,573,109,38
702,1,609,544,39,92
702,2,615,497,67,32
702,3,559,665,74,54
702,4,468,629,56,78
702,5,501,574,108,37
703,1,610,546,37,92
703,2,615,496,66,31
703,3,559,663,75,55
703,4,471,633,52,71
703,5,499,574,107,36
704,1,613,547,35,93
704,2,614,495,65,31
704,3,559,661,76,56
704,4,468,636,47,67
704,5,496,573,106,35
705,1,616,548,32,95
705,2,613,494,63,34
705,3,561,658,76,59
705,4,467,635,50,68
705,5,493,572,104,37
706,1,619,550,30,96
706,2,612,493,59,34
706,3,562,654,76,64
706,4,466,634,53,69
706,5,490,572,103,40
707,1,620,552,30,96
707,2,611,492,59,36
707,3,565,650,74,68
707,4,465,634,57,69
707,5,487,572,101,40
708,1,620,555,30,95
708,2,609,491,58,40
708,3,567,646,73,73
708,4,465,634,59,69
708,5,483,572,102,41
709,1,621,558,30,95
709,2,607,491,56,42
709,3,568,647,74,73
709,4,464,634,63,69
709,5,480,571,102,43
710,1,621,560,30,94
710,2,605,491,54,41
710,3,571,652,72,69
710,4,461,635,67,69
710,5,477,570,103,44
711,1,621,562,31,95
711,2,604,491,55,37
711,3,572,654,73,67
711,4,459,637,70,69
711,5,473,570,103,45
712,1,621,565,31,94
712,2,603,490,57,34
712,3,571,660,78,63
712,4,456,639,74,69
712,5,470,569,104,46
713,1,621,566,31,94
713,2,601,490,58,31
713,3,573,659,75,64
713,4,454,640,78,69
713,5,467,568,104,47
714,1,620,571,37,89
714,2,600,489,60,28
714,3,575,657,74,66
714,4,453,644,81,65
714,5,464,568,105,45
715,1,619,576,37,83
715,2,599,488,59,28
715,3,579,656,71,68
715,4,451,647,84,62
715,5,461,567,104,44
716,1,619,582,34,77
716,2,597,488,59,28
716,3,582,654,69,70
716,4,449,650,87,59
716,5,458,567,105,43
717,1,616,586,39,73
717,2,596,487,58,27
717,3,584,654,68,71
717,4,450,653,88,56
717,5,455,566,105,42
718,1,613,590,43,69
718,2,595,486,58,29
718,3,584,654,68,71
718,4,455,652,85,58
718,5,453,566,106,41
719,1,610,591,47,68
719,2,593,485,58,32
719,3,585,654,69,71
719,4,459,650,82,60
719,5,450,565,106,40
720,1,608,593,51,67
720,2,592,484,58,34
720,3,586,653,69,71
720,4,464,650,80,62
720,5,447,565,106,39
721,1,606,594,54,66
721,2,592,483,58,34
721,3,587,652,69,72
721,4,464,652,81,60
721,5,445,564,106,40
722,1,604,595,57,65
722,2,591,483,58,35
722,3,588,653,72,67
722,4,461,657,85,57
722,5,442,563,106,39
723,1,602,597,60,64
723,2,590,482,58,35
723,3,591,655,71,61
723,4,459,661,88,54
723,5,439,563,107,39
724,1,600,600,65,62
724,2,589,482,58,35
724,3,594,656,69,57
724,4,459,665,90,51
724,5,436,562,108,39
725,1,599,602,69,61
725,2,587,481,59,35
725,3,601,658,64,54
725,4,460,667,90,50
725,5,433,561,108,39
726,1,597,604,73,59
726,2,586,481,60,34
726,3,604,662,63,49
726,4,461,670,91,48
726,5,431,561,106,40
727,1,595,607,74,58
727,2,585,481,60,34
727,3,603,668,66,44
727,4,463,672,91,46
727,5,429,560,103,42
728,1,594,609,76,56
728,2,585,480,60,35
728,3,602,672,70,41
728,4,465,670,91,49
728,5,426,559,101,44
729,1,592,611,77,55
729,2,584,479,60,35
729,3,600,675,73,39
729,4,467,667,92,51
729,5,428,558,90,47
730,1,591,614,79,53
730,2,583,479,60,34
730,3,598,678,77,36
730,4,469,665,92,54
730,5,430,557,83,51
731,1,589,616,79,51
731,2,582,478,60,34
731,3,597,677,80,37
731,4,472,664,91,54
731,5,432,556,73,55
732,1,588,617,80,51
732,2,581,477,61,34
732,3,597,675,83,39
732,4,475,664,90,54
732,5,432,554,71,61
733,1,587,618,80,51
733,2,580,477,60,33
733,3,597,673,86,41
733,4,478,664,89,55
733,5,432,551,67,68
734,1,586,619,81,51
734,2,579,476,61,34
734,3,597,672,88,45
734,4,480,665,89,53
734,5,432,548,65,74
735,1,585,619,81,52
735,2,578,476,61,33
735,3,605,670,82,49
735,4,479,668,92,51
735,5,432,546,61,80
736,1,583,619,82,53
736,2,577,475,61,34
736,3,607,668,82,53
736,4,479,671,94,48
736,5,432,544,56,86
737,1,581,619,82,54
737,2,577,474,61,33
737,3,611,666,80,55
737,4,479,673,96,47
737,5,431,541,52,91
738,1,581,619,82,54
738,2,576,474,61,33
738,3,612,663,80,56
738,4,479,675,98,45
738,5,430,539,46,97
739,1,580,620,82,54
739,2,575,474,60,32
739,3,612,660,81,51
739,4,479,678,99,43
739,5,429,539,42,100
740,1,579,621,82,54
740,2,574,473,61,32
740,3,615,657,80,51
740,4,479,680,101,41
740,5,428,538,39,104
741,1,578,621,82,54
741,2,574,473,61,31
741,3,618,656,80,54
741,4,480,681,101,40
741,5,428,538,36,108
742,1,577,622,82,54
742,2,573,473,61,31
742,3,622,655,78,57
742,4,482,683,101,38
742,5,427,540,37,109
743,1,576,622,81,54
743,2,572,472,62,31
743,3,629,652,75,62
743,4,482,685,103,36
743,5,426,542,37,110
744,1,575,623,81,54
744,2,571,471,62,32
744,3,634,650,73,67
744,4,484,683,103,35
744,5,425,544,38,111
745,1,574,623,82,55
745,2,570,471,62,32
745,3,640,647,70,71
745,4,486,682,102,37
745,5,426,547,36,111
746,1,573,623,82,55
746,2,569,472,62,28
746,3,643,644,70,74
746,4,488,681,102,41
746,5,426,549,36,111
747,1,573,624,81,55
747,2,569,474,59,28
747,3,644,642,71,71
747,4,491,680,100,43
747,5,425,552,37,111
748,1,572,624,81,55
748,2,568,474,58,31
748,3,645,640,73,69
748,4,493,680,99,44
748,5,424,554,37,111
749,1,571,625,81,55
749,2,569,471,53,34
749,3,645,637,76,67
749,4,495,680,98,44
749,5,424,557,37,111
750,1,570,625,81,55
750,2,570,470,50,32
750,3,645,634,78,65
750,4,496,683,101,41
750,5,424,559,37,111
751,1,569,626,81,56
751,2,570,469,48,34
751,3,650,632,76,66
751,4,499,685,102,38
751,5,423,562,37,111
752,1,568,626,81,55
752,2,570,467,47,38
752,3,655,631,73,66
752,4,500,688,104,35
752,5,423,564,37,111
753,1,568,626,81,56
753,2,570,466,46,41
753,3,660,629,71,68
753,4,505,684,101,36
753,5,423,566,37,112
754,1,567,627,81,55
754,2,570,464,45,44
754,3,665,627,69,68
754,4,506,683,103,36
754,5,423,569,37,112
755,1,566,628,81,55
755,2,570,463,44,47
755,3,667,625,70,68
755,4,510,682,101,37
755,5,423,571,37,112
756,1,565,628,82,55
756,2,569,461,43,50
756,3,665,623,75,68
756,4,515,682,100,35
756,5,422,573,38,112
757,1,565,629,82,55
757,2,568,459,41,53
757,3,664,621,78,66
757,4,517,686,101,31
757,5,422,575,38,112
758,1,564,630,82,55
758,2,568,458,39,55
758,3,665,619,80,63
758,4,518,686,102,31
758,5,422,577,38,112
759,1,563,630,82,55
759,2,569,457,37,57
759,3,665,617,83,62
759,4,519,684,105,33
759,5,422,579,38,113
760,1,563,630,82,55
760,2,569,456,35,59
760,3,667,615,83,61
760,4,520,683,107,35
760,5,421,581,38,113
761,1,562,630,82,55
761,2,569,455,34,61
761,3,670,613,82,59
761,4,522,684,107,32
761,5,421,583,38,113
762,1,562,631,82,55
762,2,569,455,32,63
762,3,673,611,82,58
762,4,524,683,109,33
762,5,421,584,39,113
763,1,561,631,82,56
763,2,569,454,31,65
763,3,675,610,81,58
763,4,527,684,109,32
763,5,421,586,39,113
764,1,561,631,81,56
764,2,569,454,30,66
764,3,678,609,80,58
764,4,529,684,109,33
764,5,420,589,40,112
765,1,560,632,82,56
765,2,569,454,30,67
765,3,681,607,80,58
765,4,532,684,108,33
765,5,420,591,40,110
766,1,559,632,81,56
766,2,569,454,29,68
766,3,683,606,80,59
766,4,535,684,108,33
766,5,419,593,40,109
767,1,559,633,81,56
767,2,569,454,28,68
767,3,685,604,79,59
767,4,538,684,107,33
767,5,426,598,37,102
768,1,559,633,81,56
768,2,569,455,26,68
768,3,687,603,79,60
768,4,540,684,108,32
768,5,424,605,44,95
769,1,558,634,81,56
769,2,568,455,26,69
769,3,689,601,79,59
769,4,542,684,108,31
769,5,422,611,51,89
770,1,558,634,81,56
770,2,568,456,26,70
770,3,692,599,79,59
770,4,544,683,108,30
770,5,420,617,57,82
771,1,557,634,81,56
771,2,568,456,26,70
771,3,694,598,79,58
771,4,546,682,108,30
771,5,418,620,62,79
772,1,556,634,81,56
772,2,568,457,24,70
772,3,696,597,79,58
772,4,548,682,108,29
772,5,417,622,68,77
773,1,555,635,82,55
773,2,568,457,24,70
773,3,697,596,79,58
773,4,551,681,107,29
773,5,415,624,73,74
774,1,555,635,83,56
774,2,568,458,25,70
774,3,699,595,79,58
774,4,553,681,107,29
774,5,413,628,78,71
775,1,554,636,83,56
775,2,568,458,25,70
775,3,701,594,79,58
775,4,555,681,107,27
775,5,411,631,83,68
776,1,552,634,79,58
776,2,567,459,25,70
776,3,703,593,79,57
776,4,557,681,106,27
776,5,408,635,88,65
777,1,550,631,76,61
777,2,567,459,25,71
777,3,705,591,78,57
777,4,561,681,104,28
777,5,407,640,92,61
778,1,549,629,72,59
778,2,567,460,25,71
778,3,707,590,78,58
778,4,566,679,102,31
778,5,405,645,96,56
779,1,548,632,70,55
779,2,567,460,25,71
779,3,709,589,78,59
779,4,570,674,98,38
779,5,403,650,100,52
780,1,547,636,74,55
780,2,567,460,25,71
780,3,710,588,78,60
780,4,576,675,97,37
780,5,404,652,102,51
781,1,545,640,77,51
781,2,568,461,24,72
781,3,713,588,77,60
781,4,578,674,100,37
781,5,404,654,103,49
782,1,544,643,80,48
782,2,568,462,24,71
782,3,715,586,76,62
782,4,580,674,103,37
782,5,405,656,105,48
783,1,542,646,82,46
783,2,568,462,24,72
783,3,717,585,76,63
783,4,583,674,104,38
783,5,408,655,104,50
784,1,541,648,84,44
784,2,568,463,24,72
784,3,718,584,77,65
784,4,585,673,107,39
784,5,411,653,103,53
785,1,539,651,86,42
785,2,568,463,24,72
785,3,720,583,75,64
785,4,589,671,107,41
785,5,415,652,101,55
786,1,538,653,86,39
786,2,568,463,25,72
786,3,721,583,77,63
786,4,593,670,107,42
786,5,417,651,101,56
787,1,537,654,86,37
787,2,568,464,26,73
787,3,724,585,79,60
787,4,596,669,107,41
787,5,419,651,100,57
788,1,536,656,86,35
788,2,568,465,26,73
788,3,729,585,75,55
788,4,601,667,105,38
788,5,422,650,100,59
789,1,535,657,86,34
789,2,567,465,27,74
789,3,737,582,69,57
789,4,604,666,106,37
789,5,424,650,99,59
790,1,534,658,86,33
790,2,567,467,28,73
790,3,741,582,66,54
790,4,607,666,107,36
790,5,426,650,99,60
791,1,533,659,86,33
791,2,568,468,29,72
791,3,744,582,64,51
791,4,610,665,107,35
791,5,428,650,99,60
792,1,532,660,86,32
792,2,568,469,30,71
792,3,744,581,66,48
792,4,614,664,107,35
792,5,430,651,98,61
793,1,531,661,87,32
793,2,567,471,31,70
793,3,743,579,69,44
793,4,618,662,107,36
793,5,432,651,98,61
794,1,530,662,87,31
794,2,567,473,30,70
794,3,742,578,71,41
794,4,621,661,107,36
794,5,435,652,97,61
795,1,529,662,86,31
795,2,567,475,31,69
795,3,742,578,73,43
795,4,625,661,106,37
795,5,438,651,96,62
796,1,528,661,86,31
796,2,567,474,29,70
796,3,742,578,74,45
796,4,628,660,106,38
796,5,440,651,96,62
797,1,527,661,85,31
797,2,566,474,28,71
797,3,742,578,76,47
797,4,632,659,106,38
797,5,443,649,95,64
798,1,525,661,86,32
798,2,566,474,26,72
798,3,743,578,78,48
798,4,635,658,106,39
798,5,448,649,95,63
799,1,524,662,87,31
799,2,566,474,26,73
799,3,746,577,77,50
799,4,637,658,106,38
799,5,459,652,86,58
800,1,524,662,86,31
800,2,565,475,26,73
800,3,749,575,76,53
800,4,641,657,105,39
800,5,457,660,93,50
801,1,523,662,86,31
801,2,565,475,26,73
801,3,752,574,74,55
801,4,645,656,104,38
801,5,456,668,97,43
802,1,522,662,86,30
802,2,565,476,26,73
802,3,755,573,73,57
802,4,647,655,105,39
802,5,454,673,104,39
803,1,521,662,86,29
803,2,564,477,27,73
803,3,757,572,72,60
803,4,650,654,105,39
803,5,455,678,108,34
804,1,520,662,86,28
804,2,564,478,27,73
804,3,760,571,71,62
804,4,654,654,105,37
804,5,457,682,110,32
805,1,519,662,86,28
805,2,564,479,28,73
805,3,762,571,71,63
805,4,657,655,104,34
805,5,460,683,110,32
806,1,518,663,86,28
806,2,564,480,28,72
806,3,765,572,70,63
806,4,661,655,104,32
806,5,464,684,109,32
807,1,518,663,85,31
807,2,563,481,29,72
807,3,767,573,69,64
807,4,666,656,102,34
807,5,467,685,109,32
808,1,517,663,86,31
808,2,563,481,30,72
808,3,768,574,69,63
808,4,671,655,99,36
808,5,469,683,111,33
809,1,516,663,86,32
809,2,563,482,31,72
809,3,770,575,69,63
809,4,675,653,98,37
809,5,473,684,111,32
810,1,515,663,86,32
810,2,563,483,31,72
810,3,771,576,70,64
810,4,677,652,99,33
810,5,476,684,111,32
811,1,514,663,86,31
811,2,562,483,32,72
811,3,772,577,70,64
811,4,679,651,99,35
811,5,479,684,111,31
812,1,513,663,86,32
812,2,561,484,32,71
812,3,774,578,69,64
812,4,681,649,99,39
812,5,483,685,111,30
813,1,512,663,86,33
813,2,561,485,33,71
813,3,775,578,69,64
813,4,683,647,99,41
813,5,486,686,112,29
814,1,512,663,86,34
814,2,560,486,33,71
814,3,777,579,68,64
814,4,686,647,98,42
814,5,490,687,112,27
815,1,511,663,86,32
815,2,559,487,32,71
815,3,778,580,68,65
815,4,689,647,98,43
815,5,493,687,112,27
816,1,510,663,86,33
816,2,558,489,32,70
816,3,779,580,68,65
816,4,692,647,97,44
816,5,495,688,112,27
817,1,510,663,86,33
817,2,558,490,32,70
817,3,781,581,68,66
817,4,694,646,98,46
817,5,498,688,112,27
818,1,509,663,86,34
818,2,558,492,32,70
818,3,782,581,68,66
818,4,695,645,98,48
818,5,502,688,111,27
819,1,508,663,86,34
819,2,558,493,32,69
819,3,783,582,68,66
819,4,697,644,99,50
819,5,505,688,110,28
820,1,508,663,86,34
820,2,558,494,34,70
820,3,785,582,68,66
820,4,701,643,97,52
820,5,508,688,109,28
821,1,507,663,87,34
821,2,557,496,35,69
821,3,786,583,67,67
821,4,704,642,96,55
821,5,510,687,109,28
822,1,506,663,87,33
822,2,556,497,37,70
822,3,788,583,67,67
822,4,708,641,94,57
822,5,512,687,110,28
823,1,505,663,88,33
823,2,556,498,37,70
823,3,789,584,67,67
823,4,710,641,94,58
823,5,515,687,110,28
824,1,505,663,88,32
824,2,556,498,38,70
824,3,790,584,66,68
824,4,712,641,94,59
824,5,517,688,110,28
825,1,504,663,88,32
825,2,555,499,38,70
825,3,791,585,67,68
825,4,714,640,94,60
825,5,519,688,110,28
826,1,503,663,88,31
826,2,555,500,38,70
826,3,793,586,65,68
826,4,716,640,93,61
826,5,521,688,111,28
827,1,503,663,88,32
827,2,554,501,39,71
827,3,795,588,61,69
827,4,718,641,93,61
827,5,524,688,110,29
828,1,502,663,89,33
828,2,553,502,39,71
828,3,796,593,60,69
828,4,720,641,92,62
828,5,526,688,111,29
829,1,501,663,89,34
829,2,553,503,38,71
829,3,796,599,59,65
829,4,722,641,92,63
829,5,528,688,110,29
830,1,501,663,89,34
830,2,553,504,37,71
830,3,801,604,54,63
830,4,724,641,92,64
830,5,531,688,110,29
831,1,501,662,89,35
831,2,553,505,37,70
831,3,807,602,46,68
831,4,726,641,92,65
831,5,533,688,110,29
832,1,500,662,90,36
832,2,553,506,36,71
832,3,814,600,38,74
832,4,728,642,91,65
832,5,537,686,109,30
833,1,500,661,84,38
833,2,553,506,36,72
833,3,821,598,31,79
833,4,730,642,92,65
833,5,540,685,108,31
834,1,499,662,83,40
834,2,552,507,35,73
834,3,829,597,23,85
834,4,732,642,91,65
834,5,543,684,107,32
835,1,498,662,80,42
835,2,552,511,35,71
835,3,830,599,23,86
835,4,733,644,91,64
835,5,549,682,105,35
836,1,494,660,80,43
836,2,552,514,35,69
836,3,831,602,22,86
836,4,734,645,91,63
836,5,554,682,103,36
837,1,490,656,82,46
837,2,552,518,35,66
837,3,832,605,22,87
837,4,736,647,91,62
837,5,555,687,105,30
838,1,489,656,73,44
838,2,552,522,35,64
838,3,832,608,22,86
838,4,737,648,91,62
838,5,554,691,108,24
839,1,491,659,64,48
839,2,553,522,33,65
839,3,832,611,22,85
839,4,738,648,92,61
839,5,555,690,111,25
840,1,491,652,61,55
840,2,553,523,32,67
840,3,832,615,22,84
840,4,740,649,92,61
840,5,558,689,111,26
841,1,491,645,58,62
841,2,553,523,30,68
841,3,832,618,23,83
841,4,741,649,92,61
841,5,561,689,111,27
842,1,488,640,55,69
842,2,554,522,27,70
842,3,832,621,23,82
842,4,742,649,92,62
842,5,564,689,111,26
843,1,488,634,50,75
843,2,554,521,24,73
843,3,832,624,24,82
843,4,742,649,93,62
843,5,567,689,111,27
844,1,488,628,45,82
844,2,554,521,21,75
844,3,832,627,25,80
844,4,743,649,93,62
844,5,570,690,111,26
845,1,487,622,41,87
845,2,556,521,20,75
845,3,831,629,26,80
845,4,745,650,92,62
845,5,573,691,111,25
846,1,488,619,35,90
846,2,556,521,20,77
846,3,830,630,30,78
846,4,747,650,92,62
846,5,576,691,111,25
847,1,488,614,34,91
847,2,556,521,21,78
847,3,830,630,30,78
847,4,749,650,91,62
847,5,579,691,111,25
848,1,488,610,33,92
848,2,555,522,22,79
848,3,831,629,30,79
848,4,750,650,91,62
848,5,582,690,111,26
849,1,488,605,32,94
849,2,555,522,23,80
849,3,831,631,30,77
849,4,751,651,91,62
849,5,586,690,110,26
850,1,488,601,32,95
850,2,555,524,23,79
850,3,832,633,30,75
850,4,753,651,91,62
850,5,589,689,109,27
851,1,488,597,32,95
851,2,555,525,23,80
851,3,831,634,32,73
851,4,754,650,90,63
851,5,593,688,108,28
852,1,488,593,32,96
852,2,555,526,23,79
852,3,830,635,36,71
852,4,755,650,90,63
852,5,597,687,107,29
853,1,488,590,32,96
853,2,555,527,24,79
853,3,828,636,41,68
853,4,755,650,91,64
853,5,600,687,107,30
854,1,488,586,32,96
854,2,556,528,23,80
854,3,827,637,40,64
854,4,756,652,91,61
854,5,603,686,106,31
855,1,488,583,32,95
855,2,556,529,24,80
855,3,828,637,37,61
855,4,756,653,92,60
855,5,606,686,105,32
856,1,488,580,32,95
856,2,556,529,24,80
856,3,830,641,35,56
856,4,756,658,93,54
856,5,608,686,106,32
857,1,488,577,32,95
857,2,556,530,24,80
857,3,828,645,43,51
857,4,756,657,95,53
857,5,610,686,108,32
858,1,488,574,32,95
858,2,556,531,24,80
858,3,827,645,48,49
858,4,756,655,97,53
858,5,612,686,108,32
859,1,488,571,32,96
859,2,556,532,24,80
859,3,825,645,50,48
859,4,756,654,98,53
859,5,614,686,109,32
860,1,488,568,32,95
860,2,556,533,25,80
860,3,824,645,52,48
860,4,757,654,99,54
860,5,617,685,109,32
861,1,488,565,32,96
861,2,556,534,25,80
861,3,823,645,53,47
861,4,758,653,99,56
861,5,621,686,107,32
862,1,490,562,30,97
862,2,556,534,25,81
862,3,824,646,55,44
862,4,759,652,99,58
862,5,626,686,106,32
863,1,491,559,29,97
863,2,556,534,25,81
863,3,823,652,59,38
863,4,761,653,99,57
863,5,630,686,104,32
864,1,492,556,28,98
864,2,556,534,25,79
864,3,823,654,61,35
864,4,763,654,97,56
864,5,635,685,102,34
865,1,491,554,28,97
865,2,556,535,25,81
865,3,824,656,62,33
865,4,764,654,97,56
865,5,640,684,100,37
866,1,490,552,29,95
866,2,556,536,25,82
866,3,824,658,64,30
866,4,764,655,98,54
866,5,643,682,101,38
867,1,489,549,30,94
867,2,556,538,25,81
867,3,809,662,79,37
867,4,764,656,99,54
867,5,646,680,101,38
868,1,489,547,30,95
868,2,557,539,24,80
868,3,808,664,80,35
868,4,763,657,100,52
868,5,649,678,102,39
869,1,489,544,30,96
869,2,557,541,24,79
869,3,807,666,80,34
869,4,763,657,101,51
869,5,653,676,103,40
870,1,489,542,30,96
870,2,557,542,25,79
870,3,805,666,79,34
870,4,763,658,102,50
870,5,656,674,103,42
871,1,489,540,30,96
871,2,556,543,27,78
871,3,804,663,77,36
871,4,762,659,103,49
871,5,659,672,104,46
872,1,489,537,30,96
872,2,556,543,28,78
872,3,802,661,75,38
872,4,763,660,103,45
872,5,663,670,105,47
873,1,489,535,30,96
873,2,557,544,26,78
873,3,800,658,73,40
873,4,764,661,103,42
873,5,667,668,103,47
874,1,489,533,30,96
874,2,557,546,23,77
874,3,798,656,72,42
874,4,765,663,103,38
874,5,670,666,102,47
875,1,489,531,30,96
875,2,558,547,21,77
875,3,796,657,72,42
875,4,764,667,104,39
875,5,674,664,102,46
876,1,489,529,30,96
876,2,558,548,21,76
876,3,795,658,74,39
876,4,765,668,104,38
876,5,679,662,101,47
877,1,489,527,30,97
877,2,558,550,20,75
877,3,792,663,77,33
877,4,767,668,104,38
877,5,683,660,101,52
878,1,490,524,30,97
878,2,558,552,20,75
878,3,790,663,75,33
878,4,768,668,104,37
878,5,690,658,97,55
879,1,490,522,30,98
879,2,558,552,20,76
879,3,788,663,73,33
879,4,768,668,104,35
879,5,694,657,96,59
880,1,490,520,30,98
880,2,558,554,20,77
880,3,786,663,72,34
880,4,770,667,103,36
880,5,697,655,96,62
881,1,490,518,30,98
881,2,558,555,21,78
881,3,784,667,73,30
881,4,771,667,103,36
881,5,702,653,95,65
882,1,490,516,30,98
882,2,558,556,21,78
882,3,782,670,77,26
882,4,772,665,102,38
882,5,707,650,92,67
883,1,490,514,30,97
883,2,558,557,22,78
883,3,780,681,53,14
883,4,773,664,102,40
883,5,711,647,89,67
884,1,490,513,30,97
884,2,558,558,21,78
884,3,775,678,54,15
884,4,773,665,102,36
884,5,713,642,90,63
885,1,490,512,30,96
885,2,558,559,22,78
885,3,773,677,54,14
885,4,775,665,101,37
885,5,713,640,93,59
886,1,490,510,30,96
886,2,557,560,24,77
886,3,771,677,54,14
886,4,775,665,102,38
886,5,719,636,90,61
887,1,490,508,30,96
887,2,557,562,25,74
887,3,769,675,56,14
887,4,776,664,102,38
887,5,725,635,88,65
888,1,490,506,30,96
888,2,558,566,28,67
888,3,767,675,56,13
888,4,776,663,101,38
888,5,730,632,86,70
889,1,490,505,30,96
889,2,554,571,34,60
889,3,765,675,59,14
889,4,777,663,101,38
889,5,735,631,86,73
890,1,490,504,30,96
890,2,552,575,38,56
890,3,763,674,61,14
890,4,778,663,101,38
890,5,740,627,83,78
891,1,490,502,30,96
891,2,552,581,40,52
891,3,760,674,62,15
891,4,778,662,101,39
891,5,744,625,82,79
892,1,489,501,31,95
892,2,551,584,43,52
892,3,757,674,65,15
892,4,779,662,100,39
892,5,748,623,83,80
893,1,488,499,33,91
893,2,549,587,48,51
893,3,755,674,67,16
893,4,779,662,101,39
893,5,750,621,83,79
894,1,487,499,34,88
894,2,546,591,53,48
894,3,753,673,69,16
894,4,779,661,102,41
894,5,751,618,85,77
895,1,488,497,38,86
895,2,547,596,55,44
895,3,751,672,68,18
895,4,779,660,103,41
895,5,753,616,86,75
896,1,488,495,41,80
896,2,547,598,57,43
896,3,749,673,69,17
896,4,780,660,101,41
896,5,754,614,89,72
897,1,489,492,43,79
897,2,547,601,58,42
897,3,747,673,75,17
897,4,783,657,95,46
897,5,757,612,89,72
898,1,487,490,47,79
898,2,547,604,61,41
898,3,745,673,83,16
898,4,787,657,87,49
898,5,759,608,90,72
899,1,486,488,51,79
899,2,549,604,61,42
899,3,744,673,81,16
899,4,793,654,78,54
899,5,761,606,91,72
900,1,484,486,55,79
900,2,551,604,61,43
900,3,742,673,82,16
900,4,800,650,70,58
900,5,764,604,90,71
901,1,484,484,59,74
901,2,552,605,62,45
901,3,740,673,83,16
901,4,805,644,66,63
901,5,767,602,91,71
902,1,482,482,63,73
902,2,555,605,61,45
902,3,739,672,83,16
902,4,810,641,63,65
902,5,770,600,90,70
903,1,480,480,66,72
903,2,557,607,60,45
903,3,738,672,82,17
903,4,813,639,61,65
903,5,772,598,91,70
904,1,478,478,70,71
904,2,558,608,60,45
904,3,736,672,82,17
904,4,817,639,56,64
904,5,775,596,91,70
905,1,479,476,72,69
905,2,560,609,60,45
905,3,735,671,82,17
905,4,816,638,58,66
905,5,777,594,91,70
906,1,479,474,73,69
906,2,562,611,60,45
906,3,734,671,82,18
906,4,817,636,56,68
906,5,780,592,91,70
907,1,480,473,75,67
907,2,564,612,60,44
907,3,732,670,82,19
907,4,818,635,55,69
907,5,784,590,89,70
908,1,483,471,75,67
908,2,565,614,60,44
908,3,731,671,82,18
908,4,822,631,50,75
908,5,786,588,90,71
909,1,485,469,74,67
909,2,566,614,61,46
909,3,730,670,80,18
909,4,827,626,45,80
909,5,790,586,86,72
910,1,486,468,75,66
910,2,566,614,61,46
910,3,729,671,80,19
910,4,827,622,44,83
910,5,793,584,87,75
