1,1,779,366,82,25
1,2,837,463,42,67
2,1,776,367,83,25
2,2,837,464,42,66
3,1,772,367,84,26
3,2,837,465,42,66
4,1,769,367,84,27
4,2,836,466,43,66
5,1,766,368,84,27
5,2,835,467,43,66
6,1,763,368,84,27
6,2,834,467,43,66
7,1,761,369,82,27
7,2,834,468,43,66
8,1,758,369,82,27
8,2,834,469,43,66
9,1,756,369,82,27
9,2,834,470,43,66
10,1,754,370,81,27
10,2,833,471,44,66
11,1,751,371,80,27
11,2,833,472,44,66
12,1,749,371,80,27
12,2,832,473,44,66
13,1,747,372,80,27
13,2,832,474,44,66
14,1,745,372,80,27
14,2,832,474,44,66
15,1,742,372,79,28
15,2,832,475,44,66
16,1,740,373,79,28
16,2,833,478,44,64
17,1,738,373,79,28
17,2,833,481,44,63
18,1,736,373,80,28
18,2,834,484,44,61
19,1,734,373,80,29
19,2,834,486,44,60
20,1,732,374,77,29
20,2,833,489,44,59
21,1,730,373,79,30
21,2,833,491,44,58
22,1,728,374,79,30
22,2,833,491,42,59
23,1,726,374,78,31
23,2,833,491,41,60
24,1,724,374,79,31
24,2,833,490,41,62
25,1,722,374,79,32
25,2,832,490,40,64
26,1,720,374,79,32
26,2,832,489,38,66
27,1,718,374,79,32
27,2,832,488,37,67
28,1,717,374,78,33
28,2,831,488,37,69
29,1,715,375,78,33
29,2,831,488,37,70
30,1,714,375,77,33
30,2,831,489,37,71
31,1,712,375,77,33
31,2,831,489,37,72
32,1,711,375,77,33
32,2,831,489,36,73
33,1,709,375,78,33
33,2,831,490,35,73
34,1,707,376,77,34
34,2,831,490,36,73
35,1,706,376,76,34
35,2,831,491,35,73
36,1,705,376,76,34
36,2,831,492,34,73
37,1,704,379,73,32
37,2,831,493,33,72
38,1,706,382,66,36
38,2,830,494,33,73
39,1,709,386,65,37
39,2,830,495,33,72
40,1,711,384,55,44
40,2,830,495,33,73
41,1,713,382,48,49
41,2,829,496,32,73
42,1,713,379,41,56
42,2,829,496,31,73
43,1,713,377,40,61
43,2,828,497,30,73
44,1,714,375,30,67
44,2,826,499,30,70
45,1,713,374,24,70
45,2,823,502,31,67
46,1,713,373,18,74
46,2,820,504,32,64
47,1,713,372,16,78
47,2,819,505,34,63
48,1,714,374,16,79
48,2,818,507,35,62
49,1,714,374,16,81
49,2,816,509,38,60
50,1,712,377,18,81
50,2,815,512,39,59
51,1,712,377,18,83
51,2,813,513,42,58
52,1,712,381,19,82
52,2,813,514,45,58
53,1,711,384,21,81
53,2,812,516,47,57
54,1,711,386,21,82
54,2,810,518,50,56
55,1,711,388,22,82
55,2,809,520,52,55
56,1,710,389,25,83
56,2,808,524,53,52
57,1,711,391,24,84
57,2,807,525,55,51
58,1,711,392,25,85
58,2,806,527,56,50
59,1,711,393,25,85
59,2,805,528,58,50
60,1,712,396,25,85
60,2,804,529,59,50
61,1,712,398,25,85
61,2,803,530,60,49
62,1,712,399,25,86
62,2,802,531,61,49
63,1,712,400,24,86
63,2,801,532,62,49
64,1,712,403,25,85
64,2,800,533,61,49
65,1,712,405,26,84
65,2,799,534,62,49
66,1,712,407,26,84
66,2,798,534,62,49
67,1,712,409,26,84
67,2,798,535,62,48
68,1,712,411,26,83
68,2,797,536,63,48
69,1,712,413,26,83
69,2,796,538,63,47
70,1,713,415,26,82
70,2,795,538,63,47
71,1,713,417,26,82
71,2,794,539,63,47
72,1,713,419,26,82
72,2,793,540,62,46
73,1,713,420,27,83
73,2,792,541,62,46
74,1,713,422,27,82
74,2,791,542,62,46
75,1,713,424,27,81
75,2,791,542,62,46
76,1,713,425,27,82
76,2,790,543,62,46
77,1,713,426,27,82
77,2,789,543,62,46
78,1,714,428,27,82
78,2,788,543,62,46
79,1,714,429,27,81
79,2,787,544,62,46
80,1,714,430,27,82
80,2,787,544,62,46
81,1,714,431,27,82
81,2,786,545,62,46
82,1,714,433,27,82
82,2,785,545,62,46
83,1,714,434,27,82
83,2,784,546,62,46
84,1,714,436,28,81
84,2,784,546,62,46
85,1,714,437,28,81
85,2,783,547,62,46
86,1,715,438,27,81
86,2,782,546,62,46
87,1,715,439,28,82
87,2,780,547,63,44
88,1,715,442,32,78
88,2,779,547,63,42
89,1,720,445,30,76
89,2,778,546,62,42
90,1,721,444,30,78
90,2,778,546,59,42
91,1,718,448,34,77
91,2,777,550,58,38
92,1,718,450,36,76
92,2,776,553,57,35
93,1,718,453,38,76
93,2,775,557,56,32
94,1,717,455,40,75
94,2,773,561,59,27
95,1,716,457,42,75
95,2,772,561,61,27
96,1,716,459,43,75
96,2,770,560,62,28
97,1,715,463,45,73
97,2,769,560,63,28
98,1,714,466,48,71
98,2,767,559,64,29
99,1,713,468,50,71
99,2,766,558,62,31
100,1,712,470,51,70
100,2,764,557,62,33
101,1,713,471,52,70
101,2,762,556,64,36
102,1,713,474,53,69
102,2,761,555,63,38
103,1,713,477,54,67
103,2,759,554,63,39
104,1,714,479,54,66
104,2,758,553,64,41
105,1,715,481,55,66
105,2,756,552,63,43
106,1,716,483,55,66
106,2,755,551,64,43
107,1,716,484,55,65
107,2,754,551,64,43
108,1,718,486,55,65
108,2,753,550,64,43
109,1,719,487,54,65
109,2,752,549,64,43
110,1,720,489,55,65
110,2,750,548,64,43
111,1,720,490,56,64
111,2,749,548,64,43
112,1,726,493,55,61
112,2,748,547,64,43
113,1,732,493,51,61
113,2,747,546,64,43
114,1,734,495,52,62
114,2,746,545,64,43
115,1,731,499,57,60
115,2,745,544,64,43
116,1,730,503,61,59
116,2,743,543,65,44
117,1,729,507,64,57
117,2,742,543,65,44
118,1,729,510,66,56
118,2,741,542,64,45
119,1,730,513,67,55
119,2,740,541,65,45
120,1,733,515,67,55
120,2,739,540,64,45
121,1,733,516,69,55
121,2,738,540,64,45
122,1,735,519,69,54
122,2,737,539,64,45
123,1,739,520,68,54
123,2,736,538,64,44
124,1,739,521,70,55
124,2,735,538,65,44
125,1,741,523,70,54
125,2,734,537,64,44
126,1,744,524,69,54
126,2,733,537,65,44
127,1,746,526,68,53
127,2,732,536,65,44
128,1,748,527,69,54
128,2,732,536,65,44
129,1,749,528,70,54
129,2,731,535,65,44
130,1,750,530,70,54
130,2,730,535,65,44
131,1,752,531,70,54
131,2,729,534,65,43
132,1,755,532,69,53
132,2,728,533,66,43
133,1,757,533,68,52
133,2,727,533,65,43
134,1,760,534,67,51
134,2,726,532,65,43
135,1,762,536,68,49
135,2,726,531,64,43
136,1,762,538,70,46
136,2,725,531,65,43
137,1,765,540,69,43
137,2,724,531,64,43
138,1,768,540,69,44
138,2,723,530,64,41
139,1,771,542,69,42
139,2,722,529,64,41
140,1,772,547,70,38
140,2,722,528,63,42
141,1,773,550,71,35
141,2,724,525,61,46
142,1,772,551,74,34
142,2,727,522,52,40
143,1,771,557,77,28
143,2,729,520,49,41
144,1,771,558,80,27
144,2,729,518,46,43
145,1,772,560,80,25
145,2,730,516,44,46
146,1,773,562,81,23
146,2,730,514,39,51
147,1,774,565,82,21
147,2,730,512,36,55
148,1,775,567,83,20
148,2,730,510,33,59
149,1,776,568,84,18
149,2,730,509,29,63
150,1,778,570,83,17
150,2,730,507,26,66
151,1,779,571,84,15
151,2,731,504,22,69
152,1,781,571,84,16
152,2,731,502,18,72
153,1,783,571,84,16
153,2,731,500,18,73
154,1,784,571,84,16
154,2,731,499,18,73
155,1,786,571,84,16
155,2,731,497,18,73
156,1,787,571,84,16
156,2,730,495,19,73
157,1,788,571,84,16
157,2,729,493,20,74
158,1,790,571,84,16
158,2,729,492,21,74
159,1,791,571,84,16
159,2,729,490,22,74
160,1,792,571,84,16
160,2,728,489,22,73
161,1,794,571,84,17
161,2,728,488,23,73
162,1,795,571,84,17
162,2,728,486,23,73
163,1,800,566,80,22
163,2,728,484,23,74
164,1,806,562,73,30
164,2,728,483,24,74
165,1,814,557,63,37
165,2,728,482,25,73
166,1,820,553,54,44
166,2,727,481,26,72
167,1,825,549,49,50
167,2,727,479,26,72
168,1,827,545,47,55
168,2,727,478,27,72
169,1,831,542,43,61
169,2,727,477,28,72
170,1,837,538,37,69
170,2,727,476,28,71
171,1,840,534,34,73
171,2,726,475,29,71
172,1,842,531,33,76
172,2,726,474,30,71
173,1,847,529,28,78
173,2,725,473,31,71
174,1,850,525,26,81
174,2,725,472,31,70
175,1,851,523,26,81
175,2,724,471,33,70
176,1,852,520,25,81
176,2,724,469,34,71
177,1,853,517,24,81
177,2,724,468,34,70
178,1,854,514,24,82
178,2,725,469,36,67
179,1,855,512,23,82
179,2,728,472,37,65
180,1,856,509,23,83
180,2,732,474,37,58
181,1,857,507,23,82
181,2,730,476,41,53
182,1,857,504,23,82
182,2,729,476,44,49
183,1,858,502,23,82
183,2,728,478,48,42
184,1,858,500,23,82
184,2,725,478,53,37
185,1,858,498,23,82
185,2,722,478,59,33
186,1,858,496,24,82
186,2,721,478,62,28
187,1,858,494,24,82
187,2,720,478,66,24
188,1,858,491,24,83
188,2,718,478,70,21
189,1,859,489,24,83
189,2,719,477,72,21
190,1,859,487,25,84
190,2,719,478,74,16
191,1,859,485,25,84
191,2,721,478,74,15
192,1,859,482,25,84
192,2,723,477,75,14
193,1,859,481,25,82
193,2,724,477,75,13
194,1,853,481,32,74
194,2,726,477,76,13
195,1,851,481,36,66
195,2,728,477,76,13
196,1,846,480,44,61
196,2,729,477,77,13
197,1,841,478,50,59
197,2,731,477,77,13
198,1,835,475,60,59
198,2,733,477,77,13
199,1,830,474,67,56
199,2,734,477,78,13
200,1,826,472,72,51
200,2,736,476,78,14
201,1,822,471,75,45
201,2,738,476,77,14
202,1,818,469,76,43
202,2,740,476,77,14
203,1,813,467,78,43
203,2,742,476,77,14
204,1,810,466,78,40
204,2,744,476,76,14
205,1,805,464,79,40
205,2,745,476,77,14
206,1,801,463,80,39
206,2,745,476,77,14
207,1,798,462,80,39
207,2,748,477,77,14
208,1,794,461,81,37
208,2,749,477,77,14
209,1,791,460,81,37
209,2,750,476,78,14
210,1,787,458,81,37
210,2,750,476,79,15
211,1,784,457,81,36
211,2,752,476,79,15
212,1,781,456,81,35
212,2,754,477,78,14
213,1,778,455,81,34
213,2,755,477,79,14
214,1,775,454,80,33
214,2,757,477,78,14
215,1,772,454,84,34
215,2,758,477,79,15
216,1,769,453,82,33
216,2,759,477,78,15
217,1,766,452,83,33
217,2,761,476,78,16
218,1,763,451,84,33
218,2,762,474,76,18
219,1,760,450,84,33
219,2,765,468,72,23
220,1,758,449,85,32
220,2,772,464,63,31
221,1,755,449,85,31
221,2,777,462,55,36
222,1,753,448,85,31
222,2,784,459,48,40
223,1,750,447,85,31
223,2,788,457,43,45
224,1,747,446,86,30
224,2,792,455,39,49
225,1,745,446,86,29
225,2,796,452,35,54
226,1,743,445,86,28
226,2,801,450,30,60
227,1,740,446,83,25
227,2,805,447,25,64
228,1,739,447,82,26
228,2,809,445,22,66
229,1,738,442,77,35
229,2,814,443,17,67
230,1,737,443,73,34
230,2,815,441,16,68
231,1,734,441,70,34
231,2,815,439,16,69
232,1,732,440,69,37
232,2,815,437,18,70
233,1,729,439,68,40
233,2,815,434,18,71
234,1,727,438,66,44
234,2,815,433,18,71
235,1,725,437,65,47
235,2,815,431,19,72
236,1,722,435,66,52
236,2,815,429,19,72
237,1,720,433,64,56
237,2,814,428,19,72
238,1,718,433,65,58
238,2,814,427,19,72
239,1,716,433,64,61
239,2,814,426,19,72
240,1,713,432,65,63
240,2,814,424,20,72
241,1,711,433,65,64
241,2,814,422,20,73
242,1,709,435,64,64
242,2,814,421,20,74
243,1,707,437,63,65
243,2,813,419,21,74
244,1,706,438,63,65
244,2,813,418,21,74
245,1,704,439,64,66
245,2,813,417,22,74
246,1,702,441,65,66
246,2,812,415,22,74
247,1,700,443,65,66
247,2,811,414,23,74
248,1,698,445,65,66
248,2,811,413,23,74
249,1,697,446,65,66
249,2,811,412,24,73
250,1,695,448,65,66
250,2,810,410,24,74
251,1,693,449,66,66
251,2,810,409,25,73
252,1,692,451,67,66
252,2,810,408,25,74
253,1,690,452,67,66
253,2,809,407,25,74
254,1,689,453,67,66
254,2,809,406,25,74
255,1,688,454,67,67
255,2,809,406,25,74
256,1,685,455,66,67
256,2,809,404,26,74
257,1,685,457,65,68
257,2,809,403,26,74
258,1,687,459,62,71
258,2,808,402,27,74
259,1,689,464,56,69
259,2,808,401,27,74
260,1,688,467,58,69
260,2,807,400,27,74
261,1,688,472,55,68
261,2,807,399,28,75
262,1,688,473,47,70
262,2,807,398,28,75
263,1,689,472,41,73
263,2,806,397,28,75
264,1,690,472,34,76
264,2,806,396,29,75
265,1,690,471,30,81
265,2,806,395,29,75
266,1,689,470,25,85
266,2,806,395,29,75
267,1,689,471,23,86
267,2,806,394,29,75
268,1,689,471,23,90
268,2,805,393,29,75
269,1,690,471,22,92
269,2,805,392,29,75
270,1,690,473,22,94
270,2,805,391,29,75
271,1,689,476,22,93
271,2,805,390,29,76
272,1,689,479,23,92
272,2,805,390,28,76
273,1,689,483,23,91
273,2,804,388,29,76
274,1,688,484,25,92
274,2,804,387,29,76
275,1,688,486,26,92
275,2,799,388,34,74
276,1,687,488,27,93
276,2,795,390,34,69
277,1,687,490,27,93
277,2,791,392,38,65
278,1,687,492,27,93
278,2,788,393,43,61
279,1,687,495,27,93
279,2,786,394,46,49
280,1,687,496,28,93
280,2,783,394,52,43
281,1,687,498,28,93
281,2,780,392,61,38
282,1,688,500,28,92
282,2,776,389,64,33
283,1,688,503,28,92
283,2,772,388,68,30
284,1,688,504,28,93
284,2,769,387,69,28
285,1,688,506,29,93
285,2,766,386,70,30
286,1,688,508,29,93
286,2,763,386,70,31
287,1,688,509,30,93
287,2,759,385,70,33
288,1,689,512,29,91
288,2,756,383,69,34
289,1,689,513,29,91
289,2,753,382,69,33
290,1,690,515,29,91
290,2,750,382,70,32
291,1,690,517,29,91
291,2,747,381,71,32
292,1,691,518,29,92
292,2,745,380,72,30
293,1,691,519,29,92
293,2,742,380,73,28
294,1,692,521,28,92
294,2,739,379,74,27
295,1,693,522,28,92
295,2,736,378,75,26
296,1,693,524,28,92
296,2,733,378,77,25
297,1,694,525,27,93
297,2,730,377,78,25
298,1,694,526,27,93
298,2,728,376,79,24
299,1,695,527,27,93
299,2,726,376,79,23
300,1,696,529,26,93
300,2,723,376,80,22
301,1,696,530,26,93
301,2,721,375,80,22
302,1,697,531,26,93
302,2,718,375,81,22
303,1,697,532,25,93
303,2,715,374,82,21
304,1,698,533,25,93
304,2,713,374,82,20
305,1,698,534,25,93
305,2,711,374,83,20
306,1,698,535,26,94
306,2,709,374,83,19
307,1,698,536,26,94
307,2,707,374,83,19
308,1,698,537,25,94
308,2,705,374,84,18
309,1,698,539,26,94
309,2,703,373,84,18
310,1,699,540,25,94
310,2,701,373,84,18
311,1,699,540,25,94
311,2,698,373,84,18
312,1,699,542,25,94
312,2,696,373,84,18
313,1,699,543,25,94
313,2,694,373,84,18
314,1,699,545,25,93
314,2,692,372,84,18
315,1,700,546,25,93
315,2,690,372,84,18
316,1,701,547,25,93
316,2,688,371,85,19
317,1,701,548,25,93
317,2,686,371,86,18
318,1,701,548,25,94
318,2,684,371,87,19
319,1,702,549,25,94
319,2,682,370,87,19
320,1,702,550,25,94
320,2,681,370,87,19
321,1,702,551,24,94
321,2,679,370,88,20
322,1,703,551,24,95
322,2,677,369,87,20
323,1,703,552,24,95
323,2,675,369,88,20
324,1,704,553,23,94
324,2,674,369,87,20
325,1,705,555,23,94
325,2,672,369,86,21
326,1,705,556,22,93
326,2,671,369,87,23
327,1,705,556,23,94
327,2,669,369,82,24
328,1,705,557,23,94
328,2,674,366,74,36
329,1,705,558,23,94
329,2,676,362,58,47
330,1,706,559,23,94
330,2,678,359,42,53
331,1,706,560,23,94
331,2,675,354,35,65
332,1,707,561,22,93
332,2,674,353,37,71
333,1,707,561,22,94
333,2,674,353,40,83
334,1,708,562,22,93
334,2,673,360,44,82
335,1,708,563,21,94
335,2,673,370,47,79
336,1,709,563,21,94
336,2,680,376,43,82
337,1,709,564,21,94
337,2,688,380,39,84
338,1,709,564,21,94
338,2,694,385,36,85
339,1,710,565,21,94
339,2,696,391,37,85
340,1,710,565,20,95
340,2,697,398,39,83
341,1,710,566,20,94
341,2,697,404,42,82
342,1,710,567,21,94
342,2,697,411,44,80
343,1,711,568,20,94
343,2,697,418,47,79
344,1,711,568,21,94
344,2,699,424,49,77
345,1,711,569,20,94
345,2,700,429,51,77
346,1,711,569,21,95
346,2,701,435,52,75
347,1,712,570,20,95
347,2,703,439,53,76
348,1,712,570,20,95
348,2,704,443,55,77
349,1,712,571,20,95
349,2,705,447,56,77
350,1,712,571,20,95
350,2,709,451,54,77
351,1,712,572,20,95
351,2,709,454,57,77
352,1,713,573,20,95
352,2,709,457,59,77
353,1,713,573,20,95
353,2,709,461,62,77
354,1,713,573,19,95
354,2,712,464,60,77
355,1,713,574,20,95
355,2,715,467,60,78
356,1,714,574,19,95
356,2,719,471,58,78
357,1,714,574,19,95
357,2,721,474,58,77
358,1,714,575,19,95
358,2,724,478,56,76
359,1,714,575,19,95
359,2,727,482,56,75
360,1,714,576,19,95
360,2,728,485,56,75
361,1,714,576,19,95
361,2,730,487,56,75
362,1,715,577,19,95
362,2,732,490,56,75
363,1,713,578,21,94
363,2,733,493,56,75
364,1,712,578,21,92
364,2,735,495,56,76
365,1,708,587,27,82
365,2,737,497,56,76
366,1,701,590,37,77
366,2,739,500,56,76
367,1,696,598,45,67
367,2,740,502,56,77
368,1,692,604,52,60
368,2,742,504,55,77
369,1,688,607,59,56
369,2,744,507,55,77
370,1,686,609,63,53
370,2,746,509,54,78
371,1,683,612,69,50
371,2,748,511,54,78
372,1,680,615,73,47
372,2,749,513,54,78
373,1,677,618,78,43
373,2,751,515,53,78
374,1,675,622,81,39
374,2,753,517,53,78
375,1,673,629,83,32
375,2,754,519,52,78
376,1,670,630,88,31
376,2,756,521,52,79
377,1,668,632,91,30
377,2,757,523,52,79
378,1,666,632,91,29
378,2,759,525,51,79
379,1,665,633,91,28
379,2,760,527,52,79
380,1,663,633,92,28
380,2,761,529,51,80
381,1,661,635,92,26
381,2,762,531,51,80
382,1,659,636,93,25
382,2,763,533,51,80
383,1,658,638,93,24
383,2,764,535,51,80
384,1,656,638,93,24
384,2,766,538,51,79
385,1,655,637,93,24
385,2,768,540,50,78
386,1,653,637,93,24
386,2,769,543,49,77
387,1,652,637,92,24
387,2,770,545,50,77
388,1,651,637,92,25
388,2,770,547,50,77
389,1,650,637,92,25
389,2,771,549,50,76
390,1,649,637,92,25
390,2,771,551,51,76
391,1,648,636,92,26
391,2,771,552,52,76
392,1,646,636,92,26
392,2,772,554,53,76
393,1,645,636,92,26
393,2,772,556,53,76
394,1,645,634,90,28
394,2,773,557,53,76
395,1,647,634,85,35
395,2,774,559,54,76
396,1,650,635,77,37
396,2,774,560,55,76
397,1,652,632,67,44
397,2,774,562,56,75
398,1,655,629,61,49
398,2,774,564,57,75
399,1,656,627,54,54
399,2,775,565,56,75
400,1,656,625,50,57
400,2,776,567,56,75
401,1,656,623,47,61
401,2,778,568,56,75
402,1,656,620,44,65
402,2,778,569,56,75
403,1,656,618,40,67
403,2,779,570,56,75
404,1,655,616,40,68
404,2,780,571,56,76
405,1,652,614,42,65
405,2,780,573,56,76
406,1,650,617,39,58
406,2,781,574,56,76
407,1,647,623,45,48
407,2,782,575,56,76
408,1,644,624,51,44
408,2,782,576,56,76
409,1,642,622,57,44
409,2,783,578,56,76
410,1,640,623,62,41
410,2,785,579,56,76
411,1,638,624,68,39
411,2,785,579,56,76
412,1,635,629,74,34
412,2,786,580,56,77
413,1,633,632,81,31
413,2,787,582,56,77
414,1,632,638,85,26
414,2,788,582,56,77
415,1,631,643,90,21
415,2,790,584,55,77
416,1,635,643,89,22
416,2,790,585,55,77
417,1,638,642,90,24
417,2,791,586,55,77
418,1,641,641,89,25
418,2,792,587,55,77
419,1,644,640,89,27
419,2,793,588,54,78
420,1,646,640,90,28
420,2,796,593,47,75
421,1,650,640,89,29
421,2,796,600,47,71
422,1,651,639,90,31
422,2,800,607,43,65
423,1,655,639,89,32
423,2,806,611,37,63
424,1,659,639,88,33
424,2,809,610,37,67
425,1,663,638,86,34
425,2,806,610,40,68
426,1,666,639,85,35
426,2,803,611,44,69
427,1,668,639,86,36
427,2,800,611,47,70
428,1,677,640,80,33
428,2,794,611,53,68
429,1,681,638,78,36
429,2,791,618,55,61
430,1,691,638,70,37
430,2,788,624,58,54
431,1,701,635,65,42
431,2,784,631,60,47
432,1,702,631,66,46
432,2,781,636,65,41
433,1,705,627,66,51
433,2,777,642,71,35
434,1,708,623,66,57
434,2,774,648,76,29
435,1,711,619,67,63
435,2,770,652,80,24
436,1,718,617,64,67
436,2,767,657,84,19
437,1,723,614,62,68
437,2,764,657,87,19
438,1,724,610,64,73
438,2,761,657,87,19
439,1,726,608,65,73
439,2,758,657,86,20
440,1,728,605,66,74
440,2,755,656,87,22
441,1,730,602,66,73
441,2,752,656,87,23
442,1,733,601,65,71
442,2,749,655,87,24
443,1,736,600,66,68
443,2,746,656,88,24
444,1,740,602,67,62
444,2,744,656,88,24
445,1,746,600,62,59
445,2,742,656,88,24
446,1,749,597,59,57
446,2,740,655,87,24
447,1,752,599,56,51
447,2,737,655,87,24
448,1,754,597,56,45
448,2,735,654,87,24
449,1,754,596,56,39
449,2,733,654,87,24
450,1,754,593,55,44
450,2,731,654,87,24
451,1,755,592,56,47
451,2,729,653,87,24
452,1,756,591,56,50
452,2,727,652,86,25
453,1,758,588,55,54
453,2,726,651,85,26
454,1,760,587,54,57
454,2,725,649,81,26
455,1,764,584,50,61
455,2,725,646,74,32
456,1,768,583,47,64
456,2,724,641,69,37
457,1,769,580,47,68
457,2,719,637,68,38
458,1,771,580,45,71
458,2,714,637,73,34
459,1,773,579,45,72
459,2,710,639,77,27
460,1,775,580,43,73
460,2,706,640,78,25
461,1,776,581,42,73
461,2,703,639,77,25
462,1,777,582,42,74
462,2,698,637,77,26
463,1,779,583,41,74
463,2,696,639,77,21
464,1,780,583,40,75
464,2,692,638,79,21
465,1,782,584,39,76
465,2,689,639,80,20
466,1,783,585,38,76
466,2,687,639,77,20
467,1,784,587,38,75
467,2,684,639,77,20
468,1,786,587,37,76
468,2,682,639,76,20
469,1,786,588,37,76
469,2,680,639,75,19
470,1,787,589,37,76
470,2,678,639,74,19
471,1,787,590,36,77
471,2,675,639,73,20
472,1,789,591,35,76
472,2,673,639,73,20
473,1,790,592,35,77
473,2,671,638,72,21
474,1,791,593,34,77
474,2,668,637,73,22
475,1,792,594,33,77
475,2,666,636,74,23
476,1,792,594,33,77
476,2,664,634,75,25
477,1,790,596,34,74
477,2,662,634,75,25
478,1,787,602,38,67
478,2,660,635,75,25
479,1,786,604,42,61
479,2,659,635,75,25
480,1,790,611,43,47
480,2,657,634,75,25
481,1,786,613,51,48
481,2,655,634,75,26
482,1,781,613,57,45
482,2,653,633,75,26
483,1,777,615,64,38
483,2,653,632,71,28
484,1,772,619,75,34
484,2,653,630,67,31
485,1,767,629,81,23
485,2,653,628,62,33
486,1,763,632,85,20
486,2,655,623,57,39
487,1,759,633,87,19
487,2,654,619,54,43
488,1,755,633,87,21
488,2,654,614,51,49
489,1,751,632,88,22
489,2,653,611,51,52
490,1,748,632,88,24
490,2,652,607,51,54
491,1,744,632,88,25
491,2,650,603,49,58
492,1,741,631,88,27
492,2,649,599,48,63
493,1,737,631,88,28
493,2,648,596,46,67
494,1,734,631,87,29
494,2,647,593,44,70
495,1,731,632,85,29
495,2,645,589,42,72
496,1,728,632,86,30
496,2,644,586,39,75
497,1,725,632,86,30
497,2,643,583,37,77
498,1,722,632,87,31
498,2,643,581,36,77
499,1,719,633,86,31
499,2,642,578,35,77
500,1,716,633,86,31
500,2,641,575,35,77
501,1,714,634,85,31
501,2,640,572,34,78
502,1,711,635,86,31
502,2,639,570,34,74
503,1,709,636,87,31
503,2,639,568,33,70
504,1,706,636,87,31
504,2,639,566,33,67
505,1,704,637,86,32
505,2,637,567,32,58
506,1,701,635,82,33
506,2,635,564,36,58
507,1,697,634,79,34
507,2,633,562,39,58
508,1,690,639,78,28
508,2,632,559,43,58
509,1,683,645,85,22
509,2,629,555,48,59
510,1,675,646,88,23
510,2,627,552,53,59
511,1,668,647,89,23
511,2,625,548,59,60
512,1,662,647,90,21
512,2,625,545,61,57
513,1,656,647,92,18
513,2,628,542,61,57
514,1,650,645,92,20
514,2,630,539,61,56
515,1,644,646,90,20
515,2,633,537,61,56
516,1,639,645,90,22
516,2,635,535,61,55
517,1,634,644,89,23
517,2,638,532,61,56
518,1,629,643,89,25
518,2,640,530,61,55
519,1,625,643,88,26
519,2,642,528,62,55
520,1,620,643,88,27
520,2,644,526,62,55
521,1,615,643,87,28
521,2,646,524,63,55
522,1,611,643,87,29
522,2,648,522,63,54
523,1,607,643,87,29
523,2,650,520,63,54
524,1,603,643,87,30
524,2,652,518,63,53
525,1,599,644,86,29
525,2,654,517,63,52
526,1,593,642,75,31
526,2,656,515,64,52
527,1,586,643,74,30
527,2,658,513,64,51
528,1,580,640,72,35
528,2,660,511,64,51
529,1,575,639,69,37
529,2,662,510,64,51
530,1,571,633,66,36
530,2,664,508,64,52
531,1,565,628,68,35
531,2,666,506,63,52
532,1,560,628,73,31
532,2,668,505,63,52
533,1,558,627,76,31
533,2,670,503,63,52
534,1,554,628,75,27
534,2,671,502,63,52
535,1,550,627,77,26
535,2,673,500,63,52
536,1,547,627,77,26
536,2,674,499,63,52
537,1,543,628,79,24
537,2,676,497,62,52
538,1,541,627,77,25
538,2,678,496,62,52
539,1,538,627,77,24
539,2,680,494,62,52
540,1,535,627,77,24
540,2,681,494,62,52
541,1,533,627,77,24
541,2,683,493,62,51
542,1,530,627,77,24
542,2,684,492,62,51
543,1,527,627,78,24
543,2,685,491,62,51
544,1,525,626,78,25
544,2,686,490,63,51
545,1,526,626,73,28
545,2,687,488,63,52
546,1,527,625,68,34
546,2,689,487,63,51
547,1,527,625,64,33
547,2,691,486,63,51
548,1,525,624,63,33
548,2,692,485,63,51
549,1,522,620,60,36
549,2,697,487,61,48
550,1,520,617,62,38
550,2,702,488,60,44
551,1,520,617,60,38
551,2,707,490,57,41
552,1,520,615,59,40
552,2,710,490,55,39
553,1,520,612,59,43
553,2,710,488,57,36
554,1,520,611,59,44
554,2,710,486,58,34
555,1,520,610,57,44
555,2,710,484,60,31
556,1,520,609,54,45
556,2,710,484,62,33
557,1,521,608,50,46
557,2,711,484,64,34
558,1,521,607,47,47
558,2,711,484,66,36
559,1,520,603,49,49
559,2,714,482,65,39
560,1,522,603,47,46
560,2,716,480,65,42
561,1,520,609,40,38
561,2,719,479,64,45
562,1,515,608,48,38
562,2,722,478,64,47
563,1,510,608,58,36
563,2,725,478,63,48
564,1,509,607,60,37
564,2,727,478,63,49
565,1,504,610,70,34
565,2,729,479,62,50
566,1,503,614,74,30
566,2,731,480,61,51
567,1,502,613,78,28
567,2,734,481,61,50
568,1,503,613,80,26
568,2,736,482,60,51
569,1,506,614,81,24
569,2,738,483,60,51
570,1,509,615,79,22
570,2,739,484,60,52
571,1,510,614,81,23
571,2,741,484,59,52
572,1,513,613,82,24
572,2,743,486,59,52
573,1,515,613,81,24
573,2,745,486,59,53
574,1,518,613,81,24
574,2,746,486,58,54
575,1,521,612,80,24
575,2,748,487,58,54
576,1,524,612,80,24
576,2,750,488,57,54
577,1,525,612,80,24
577,2,751,488,58,55
578,1,528,611,80,23
578,2,752,489,57,55
579,1,531,611,80,21
579,2,754,490,57,55
580,1,534,610,78,20
580,2,755,491,57,55
581,1,534,610,80,20
581,2,757,492,56,55
582,1,536,609,81,20
582,2,758,492,56,56
583,1,537,609,81,20
583,2,759,493,56,55
584,1,538,609,82,18
584,2,760,494,56,56
585,1,542,607,80,18
585,2,762,495,54,57
586,1,546,605,78,19
586,2,764,496,53,57
587,1,550,604,76,20
587,2,766,497,51,58
588,1,552,602,76,23
588,2,766,500,49,57
589,1,561,601,71,24
589,2,767,504,47,56
590,1,561,601,74,25
590,2,768,507,45,55
591,1,564,600,75,26
591,2,772,508,41,57
592,1,566,599,77,27
592,2,776,508,37,58
593,1,568,598,78,28
593,2,780,509,33,60
594,1,572,597,77,28
594,2,784,508,29,63
595,1,575,596,77,28
595,2,787,507,26,66
596,1,579,595,77,28
596,2,791,506,22,69
597,1,579,595,80,29
597,2,794,505,21,73
598,1,581,594,81,28
598,2,796,506,19,74
599,1,583,593,81,27
599,2,798,506,18,76
600,1,586,592,81,27
600,2,799,507,16,77
601,1,591,592,78,26
601,2,799,509,16,77
602,1,596,591,76,25
602,2,799,510,16,77
603,1,599,590,75,25
603,2,799,512,16,77
604,1,603,590,74,26
604,2,799,514,16,77
605,1,607,590,73,27
605,2,799,515,16,77
606,1,612,589,72,28
606,2,799,517,16,77
607,1,614,589,73,27
607,2,799,519,16,77
608,1,615,589,75,26
608,2,799,520,16,77
609,1,617,589,76,24
609,2,799,522,16,77
610,1,619,588,77,23
610,2,799,524,16,77
611,1,622,588,77,23
611,2,799,525,17,77
612,1,624,588,78,23
612,2,799,526,18,77
613,1,626,589,78,22
613,2,798,528,19,76
614,1,629,588,77,24
614,2,798,529,19,77
615,1,632,587,77,25
615,2,798,530,19,76
616,1,635,586,76,27
616,2,798,531,19,77
617,1,637,586,76,28
617,2,798,533,19,76
618,1,639,585,77,29
618,2,798,534,19,77
619,1,642,585,77,30
619,2,798,535,19,76
620,1,644,585,77,31
620,2,797,536,19,77
621,1,646,585,77,31
621,2,797,537,19,77
622,1,649,586,76,32
622,2,797,538,18,77
623,1,651,586,75,32
623,2,797,539,18,77
624,1,653,586,75,33
624,2,797,540,18,77
625,1,656,586,74,33
625,2,798,542,18,77
626,1,660,586,71,37
626,2,798,543,18,77
627,1,660,587,71,37
627,2,798,543,18,77
628,1,664,589,69,36
628,2,798,544,18,77
629,1,666,588,68,38
629,2,798,545,18,78
630,1,668,587,67,40
630,2,798,546,18,77
631,1,670,586,66,42
631,2,797,548,18,77
632,1,674,585,64,45
632,2,797,549,18,77
633,1,676,584,64,47
633,2,797,550,18,77
634,1,678,584,63,48
634,2,797,551,18,77
635,1,679,583,63,50
635,2,797,552,18,77
636,1,682,582,62,51
636,2,797,552,18,77
637,1,684,582,61,52
637,2,796,553,18,77
638,1,686,582,60,54
638,2,796,554,18,77
639,1,688,582,59,54
639,2,795,555,19,76
640,1,690,582,59,55
640,2,794,557,20,76
641,1,691,583,58,55
641,2,793,558,21,75
642,1,694,584,56,56
642,2,790,561,25,70
643,1,696,584,54,57
643,2,787,564,30,65
644,1,698,585,51,58
644,2,783,567,34,61
645,1,699,587,51,57
645,2,780,572,38,55
646,1,701,590,50,56
646,2,778,575,43,50
647,1,702,592,49,55
647,2,774,578,47,47
648,1,701,591,50,56
648,2,772,579,50,45
649,1,702,588,50,59
649,2,771,581,53,43
650,1,703,587,50,59
650,2,769,584,57,40
651,1,703,587,50,60
651,2,767,586,60,37
652,1,707,587,49,59
652,2,765,588,64,35
653,1,710,586,48,58
653,2,764,591,67,33
654,1,714,586,47,58
654,2,762,594,70,30
655,1,720,585,44,60
655,2,761,596,73,28
656,1,721,587,45,59
656,2,759,599,74,25
657,1,719,593,50,51
657,2,757,601,76,23
658,1,719,594,54,49
658,2,756,603,78,20
659,1,724,594,53,49
659,2,754,603,78,20
660,1,726,603,53,40
660,2,753,604,78,20
661,1,723,607,59,37
661,2,752,604,79,20
662,1,722,611,62,33
662,2,750,604,79,20
663,1,722,615,66,30
663,2,748,604,80,19
664,1,726,616,66,29
664,2,747,604,81,19
665,1,729,616,66,28
665,2,746,604,80,19
666,1,732,617,66,27
666,2,746,605,78,19
667,1,733,620,68,24
667,2,745,605,78,19
668,1,734,623,71,21
668,2,744,605,78,19
669,1,734,626,73,18
669,2,743,605,78,19
670,1,736,627,75,16
670,2,743,605,78,19
671,1,737,628,77,16
671,2,741,605,78,19
672,1,738,629,79,14
672,2,741,606,75,19
673,1,741,629,78,14
673,2,742,606,73,22
674,1,745,629,77,14
674,2,745,603,63,30
675,1,748,629,76,14
675,2,746,598,58,38
676,1,750,629,76,14
676,2,747,595,52,43
677,1,752,629,76,14
677,2,747,594,51,46
678,1,754,629,76,14
678,2,747,592,51,48
679,1,756,628,76,15
679,2,746,591,50,51
680,1,758,628,77,15
680,2,747,591,50,52
681,1,760,627,77,15
681,2,746,590,50,52
682,1,761,626,77,16
682,2,746,589,48,55
683,1,762,625,77,16
683,2,746,586,44,57
684,1,764,624,77,17
684,2,747,584,44,60
685,1,765,624,77,17
685,2,748,583,42,59
686,1,767,624,77,17
686,2,749,581,38,62
687,1,769,624,77,17
687,2,749,579,37,63
688,1,770,624,77,17
688,2,749,577,35,65
689,1,772,624,77,17
689,2,748,576,34,67
690,1,774,624,77,17
690,2,748,575,33,68
691,1,775,624,77,17
691,2,748,574,31,69
692,1,777,624,77,18
692,2,748,573,30,70
693,1,779,624,77,18
693,2,748,572,30,70
694,1,780,624,77,18
694,2,748,572,30,70
695,1,781,623,76,18
695,2,748,572,30,71
696,1,782,623,76,18
696,2,748,572,30,71
697,1,784,622,74,20
697,2,747,572,31,70
698,1,786,620,72,23
698,2,747,572,31,70
699,1,788,619,70,25
699,2,747,572,31,70
700,1,794,613,61,32
700,2,747,571,32,70
701,1,803,610,50,36
701,2,747,571,32,70
702,1,807,605,47,42
702,2,746,572,30,70
703,1,812,601,41,43
703,2,745,572,30,71
704,1,815,597,39,46
704,2,745,573,28,71
705,1,815,594,38,50
705,2,745,573,29,71
706,1,822,589,32,55
706,2,745,572,28,71
707,1,825,585,29,60
707,2,745,572,29,71
708,1,825,582,29,62
708,2,745,571,29,72
709,1,825,579,30,64
709,2,745,570,30,73
710,1,824,576,30,65
710,2,745,569,30,74
711,1,823,573,32,63
711,2,745,570,31,73
712,1,822,570,34,62
712,2,745,571,32,72
713,1,821,568,35,60
713,2,746,571,32,71
714,1,819,565,37,63
714,2,746,572,33,71
715,1,818,562,39,65
715,2,747,576,34,65
716,1,818,560,39,65
716,2,745,582,34,57
717,1,817,557,39,64
717,2,744,586,34,52
718,1,815,555,39,63
718,2,742,587,38,49
719,1,814,552,39,64
719,2,740,588,42,48
720,1,813,550,40,65
720,2,738,588,46,48
721,1,812,547,40,65
721,2,737,588,49,48
722,1,811,545,41,66
722,2,735,589,54,47
723,1,810,543,42,67
723,2,733,591,58,46
724,1,809,541,43,68
724,2,732,593,61,45
725,1,808,539,44,69
725,2,730,595,65,42
726,1,807,537,43,70
726,2,728,597,69,41
727,1,806,535,44,70
727,2,728,599,70,39
728,1,805,533,43,71
728,2,729,602,71,37
729,1,804,532,43,71
729,2,729,604,73,35
730,1,802,531,44,70
730,2,730,605,73,34
731,1,801,529,44,70
731,2,731,606,73,32
732,1,797,530,45,64
732,2,733,607,73,31
733,1,791,533,42,59
733,2,733,608,75,31
734,1,786,535,46,54
734,2,734,608,75,32
735,1,782,535,51,46
735,2,735,610,75,29
736,1,779,535,56,39
736,2,737,612,74,28
737,1,776,534,62,34
737,2,738,613,74,27
738,1,772,531,68,31
738,2,739,613,74,27
739,1,769,531,71,27
739,2,740,613,75,27
740,1,766,530,74,29
740,2,741,614,75,27
741,1,763,530,75,30
741,2,742,614,75,26
742,1,760,528,77,33
742,2,743,615,76,26
743,1,758,527,76,36
743,2,744,616,76,25
744,1,755,526,76,37
744,2,746,615,75,26
745,1,753,526,74,38
745,2,748,614,74,25
746,1,750,526,75,39
746,2,750,613,73,26
747,1,748,527,74,39
747,2,752,609,69,31
748,1,746,528,73,39
748,2,757,608,65,34
749,1,744,528,72,40
749,2,763,607,60,37
750,1,742,528,71,40
750,2,768,606,55,39
751,1,740,529,70,40
751,2,769,604,55,43
752,1,738,530,69,40
752,2,771,602,55,45
753,1,736,531,68,40
753,2,772,599,54,49
754,1,734,532,68,41
754,2,775,596,53,52
755,1,733,532,68,41
755,2,778,593,52,55
756,1,731,533,69,41
756,2,780,590,51,58
757,1,729,533,68,42
757,2,782,588,50,61
758,1,727,534,68,42
758,2,784,586,49,63
759,1,726,535,67,42
759,2,785,584,48,66
760,1,724,535,68,43
760,2,788,582,47,66
761,1,722,535,69,44
761,2,791,580,44,67
762,1,721,535,69,44
762,2,793,578,43,67
763,1,719,535,69,45
763,2,795,576,41,68
764,1,718,535,68,45
764,2,797,575,40,69
765,1,717,536,68,46
765,2,799,573,39,70
766,1,715,536,68,46
766,2,801,571,38,71
767,1,714,537,68,46
767,2,802,569,37,71
768,1,712,537,68,46
768,2,804,567,36,71
769,1,712,540,65,47
769,2,805,566,36,71
770,1,715,542,62,49
770,2,806,564,36,70
771,1,716,544,59,50
771,2,807,562,36,70
772,1,715,547,57,50
772,2,807,561,36,71
773,1,714,548,55,51
773,2,808,559,36,72
774,1,713,548,51,54
774,2,808,557,36,73
775,1,713,547,48,55
775,2,809,556,36,72
776,1,713,544,43,60
776,2,809,555,37,72
777,1,713,544,42,61
777,2,809,553,37,71
778,1,713,543,35,64
778,2,812,556,39,66
779,1,713,540,31,68
779,2,814,558,40,61
780,1,712,540,30,69
780,2,817,560,41,56
781,1,712,540,29,70
781,2,815,560,45,51
782,1,710,540,29,71
782,2,814,560,48,47
783,1,710,539,29,73
783,2,813,560,51,42
784,1,710,539,29,74
784,2,811,561,56,35
785,1,710,539,29,75
785,2,807,562,62,30
786,1,710,539,29,76
786,2,804,563,68,24
787,1,710,539,29,76
787,2,804,563,71,23
788,1,710,540,29,76
788,2,804,563,74,20
789,1,710,540,29,76
789,2,804,563,76,19
790,1,710,541,29,77
790,2,804,563,78,19
791,1,710,541,28,77
791,2,804,562,80,20
792,1,710,541,28,78
792,2,806,562,80,21
793,1,710,542,28,78
793,2,808,562,79,21
794,1,710,543,28,77
794,2,810,561,79,22
795,1,710,543,28,77
795,2,812,561,79,23
796,1,710,544,28,77
796,2,814,561,79,23
797,1,709,545,28,76
797,2,815,560,79,24
798,1,709,546,28,76
798,2,817,560,79,25
799,1,709,548,31,73
799,2,819,560,79,25
800,1,712,552,32,68
800,2,820,559,79,26
801,1,710,552,38,67
801,2,822,559,79,26
802,1,709,559,42,61
802,2,824,559,78,27
803,1,707,563,45,57
803,2,825,559,78,27
804,1,705,566,49,56
804,2,826,559,78,27
805,1,704,569,53,54
805,2,827,559,79,28
806,1,702,572,57,52
806,2,826,558,81,30
807,1,699,574,61,51
807,2,829,559,77,31
808,1,698,577,64,50
808,2,833,562,71,34
809,1,696,581,68,47
809,2,836,563,64,37
810,1,696,584,70,44
810,2,842,561,56,43
811,1,695,587,73,43
811,2,847,558,49,48
812,1,697,588,73,43
812,2,851,556,47,53
813,1,698,590,73,42
813,2,856,554,42,58
814,1,699,592,74,41
814,2,858,551,38,62
815,1,700,593,74,40
815,2,862,549,33,67
816,1,701,594,74,40
816,2,866,547,29,71
817,1,703,595,73,40
817,2,869,546,26,74
818,1,705,596,73,40
818,2,873,545,22,78
819,1,706,596,73,40
819,2,876,545,19,80
820,1,708,596,72,41
820,2,878,547,16,81
821,1,710,597,72,41
821,2,878,548,16,81
822,1,711,597,72,41
822,2,878,550,16,81
823,1,712,598,73,41
823,2,878,552,16,82
824,1,713,598,73,41
824,2,878,554,17,82
825,1,713,599,73,41
825,2,877,556,19,81
826,1,714,599,74,42
826,2,876,558,20,81
827,1,714,600,74,42
827,2,876,560,20,80
828,1,716,600,74,42
828,2,876,562,20,81
829,1,718,600,73,43
829,2,876,564,19,80
830,1,719,600,72,44
830,2,876,565,19,80
831,1,721,600,71,44
831,2,876,566,19,81
832,1,723,600,70,44
832,2,876,568,19,81
833,1,725,601,68,44
833,2,874,571,22,79
834,1,726,602,68,44
834,2,872,574,24,78
835,1,728,602,67,45
835,2,870,578,27,77
836,1,728,602,67,45
836,2,872,579,25,77
837,1,728,603,68,45
837,2,873,580,23,77
838,1,728,603,69,45
838,2,875,581,21,78
839,1,728,604,70,45
839,2,875,581,22,77
840,1,727,604,72,45
840,2,872,587,30,71
841,1,729,604,71,46
841,2,871,591,34,68
842,1,730,604,70,46
842,2,869,594,38,66
843,1,732,604,71,44
843,2,867,597,42,64
844,1,742,603,64,41
844,2,867,597,45,64
845,1,744,603,64,41
845,2,867,597,48,63
846,1,746,606,65,37
846,2,867,599,50,60
847,1,747,610,66,34
847,2,867,602,53,57
848,1,749,614,68,30
848,2,866,606,56,54
849,1,747,619,72,25
849,2,865,609,59,51
850,1,748,618,74,26
850,2,863,612,62,49
851,1,748,617,76,27
851,2,862,614,65,48
852,1,749,616,78,29
852,2,862,614,67,48
853,1,751,614,78,31
853,2,859,616,71,47
854,1,752,613,79,32
854,2,858,618,71,47
855,1,754,612,80,34
855,2,857,619,72,47
856,1,758,611,78,34
856,2,856,621,72,46
857,1,761,610,77,35
857,2,856,625,72,42
858,1,765,610,75,35
858,2,856,630,72,37
859,1,765,609,76,35
859,2,859,630,69,37
860,1,766,608,77,34
860,2,860,628,67,39
861,1,767,607,78,34
861,2,864,626,63,41
862,1,769,607,78,34
862,2,866,623,61,43
863,1,770,606,78,34
863,2,867,621,59,46
864,1,772,606,78,35
864,2,867,620,59,48
865,1,774,605,78,34
865,2,868,619,59,49
866,1,775,604,78,34
866,2,868,617,59,51
867,1,777,603,78,33
867,2,866,619,59,48
868,1,780,603,77,32
868,2,862,618,60,50
869,1,782,602,76,31
869,2,863,617,56,50
870,1,785,602,75,30
870,2,863,621,54,44
871,1,786,601,75,30
871,2,868,619,49,43
872,1,787,601,76,29
872,2,879,618,40,42
873,1,788,601,77,29
873,2,882,614,37,46
874,1,790,600,75,29
874,2,880,613,41,47
875,1,791,600,76,28
875,2,876,610,46,51
876,1,792,599,76,28
876,2,874,609,48,53
877,1,794,599,76,27
877,2,871,609,52,54
878,1,796,599,75,26
878,2,868,610,55,53
879,1,798,599,74,25
879,2,866,612,59,53
880,1,799,598,74,25
880,2,864,613,62,53
881,1,801,597,74,25
881,2,862,615,65,51
882,1,802,597,73,25
882,2,860,617,68,51
883,1,803,597,74,25
883,2,860,617,68,51
884,1,804,596,74,25
884,2,858,618,71,49
885,1,805,596,74,25
885,2,856,620,74,46
886,1,806,595,74,25
886,2,854,622,76,42
887,1,807,595,74,25
887,2,852,626,78,38
888,1,808,595,74,26
888,2,850,626,78,38
889,1,809,595,74,26
889,2,848,625,78,38
890,1,810,594,74,26
890,2,847,625,78,38
891,1,811,594,74,26
891,2,846,625,77,37
892,1,812,594,74,26
892,2,846,626,76,36
893,1,812,593,74,26
893,2,845,625,76,35
894,1,813,593,74,26
894,2,843,623,75,37
895,1,814,593,74,26
895,2,841,620,75,40
896,1,814,590,73,29
896,2,839,618,76,42
897,1,815,588,72,31
897,2,838,615,76,44
898,1,816,586,71,34
898,2,836,617,77,43
899,1,819,585,69,35
899,2,834,619,77,41
900,1,823,583,66,37
900,2,832,621,77,40
901,1,827,582,64,38
901,2,831,623,76,38
902,1,828,581,64,41
902,2,829,626,76,36
903,1,832,579,62,43
903,2,828,628,75,34
904,1,833,578,62,45
904,2,827,627,74,36
905,1,837,577,61,47
905,2,826,625,74,38
906,1,841,576,59,49
906,2,825,623,73,40
907,1,844,575,57,51
907,2,825,623,70,43
908,1,846,574,57,53
908,2,826,622,67,45
909,1,849,572,55,55
909,2,828,628,63,40
910,1,850,571,56,57
910,2,830,627,53,41
911,1,852,569,55,59
911,2,826,623,58,43
912,1,853,568,55,60
912,2,828,619,49,47
913,1,854,568,56,54
913,2,830,615,40,53
914,1,855,567,56,55
914,2,830,611,33,57
915,1,858,565,54,53
915,2,829,607,34,62
916,1,858,565,56,54
916,2,828,604,35,65
917,1,857,564,58,57
917,2,827,602,38,69
918,1,858,562,58,55
918,2,827,599,39,72
919,1,859,561,58,56
919,2,825,598,41,73
920,1,860,559,58,57
920,2,823,598,42,74
921,1,860,556,52,60
921,2,821,597,44,75
922,1,860,553,50,62
922,2,818,601,49,72
923,1,865,551,45,59
923,2,815,604,53,69
924,1,870,549,40,59
924,2,811,607,57,65
925,1,877,547,33,63
925,2,816,611,52,62
926,1,884,544,26,66
926,2,824,611,42,63
927,1,887,541,25,69
927,2,832,610,35,64
928,1,886,538,26,69
928,2,834,605,34,70
929,1,885,534,27,69
929,2,838,603,31,72
930,1,883,532,30,67
930,2,837,601,31,74
931,1,882,530,31,68
931,2,837,601,31,75
932,1,881,528,33,68
932,2,837,601,31,75
933,1,880,525,34,69
933,2,835,596,32,80
934,1,879,523,35,71
934,2,837,596,30,80
935,1,878,521,36,72
935,2,835,596,31,78
936,1,877,518,37,74
936,2,833,598,31,77
937,1,876,516,38,72
937,2,829,601,35,73
938,1,875,514,39,72
938,2,827,604,39,71
939,1,870,514,44,69
939,2,825,606,43,68
940,1,864,520,48,59
940,2,822,610,47,66
941,1,860,521,48,50
941,2,821,612,50,65
942,1,857,521,54,42
942,2,819,613,54,64
943,1,853,520,60,36
943,2,817,615,57,62
944,1,849,517,68,33
944,2,816,616,60,62
945,1,844,517,73,37
945,2,814,616,63,62
946,1,839,519,77,36
946,2,813,617,66,61
947,1,836,519,79,39
947,2,812,619,66,60
948,1,832,514,75,46
948,2,811,620,67,58
949,1,829,515,75,47
949,2,810,620,68,58
950,1,825,517,75,47
950,2,809,621,69,57
951,1,822,519,75,48
951,2,808,622,70,56
952,1,819,520,75,49
952,2,809,624,69,54
953,1,816,521,75,50
953,2,807,629,66,49
954,1,814,523,75,51
954,2,802,629,74,47
955,1,811,524,75,51
955,2,797,628,69,44
956,1,807,526,75,52
956,2,793,628,68,42
957,1,804,527,75,53
957,2,789,628,72,43
958,1,802,528,74,54
958,2,784,635,77,34
959,1,800,530,74,54
959,2,780,638,83,27
960,1,798,531,73,55
960,2,777,639,83,25
961,1,796,532,73,56
961,2,772,641,83,22
962,1,794,533,72,56
962,2,768,641,81,22
963,1,791,534,72,57
963,2,764,640,80,23
964,1,789,536,72,57
964,2,761,637,79,28
965,1,787,537,71,57
965,2,757,635,79,29
966,1,785,539,71,58
966,2,754,635,78,29
967,1,783,540,71,58
967,2,751,634,78,30
968,1,782,542,71,58
968,2,748,634,79,30
969,1,780,543,71,59
969,2,746,636,80,29
970,1,778,544,71,59
970,2,746,635,77,32
971,1,776,545,70,60
971,2,746,635,76,31
972,1,774,546,69,61
972,2,745,635,74,32
973,1,773,547,69,61
973,2,742,632,72,33
974,1,771,549,69,61
974,2,737,631,74,32
975,1,770,550,68,61
975,2,735,629,74,32
976,1,768,551,68,61
976,2,732,629,73,31
977,1,766,552,67,61
977,2,730,629,75,31
978,1,764,553,67,61
978,2,728,629,76,31
979,1,764,555,65,63
979,2,726,630,74,32
980,1,765,556,63,65
980,2,725,630,73,31
981,1,765,557,61,67
981,2,724,629,72,32
982,1,766,562,59,65
982,2,723,630,72,32
983,1,767,566,57,63
983,2,722,629,71,34
984,1,769,571,55,61
984,2,720,629,68,35
985,1,769,571,49,64
985,2,719,629,67,35
986,1,769,570,43,68
986,2,719,626,65,36
987,1,769,568,41,72
987,2,717,624,65,39
988,1,768,566,36,76
988,2,716,622,54,41
989,1,768,565,32,79
989,2,715,618,55,45
990,1,768,565,29,82
990,2,714,618,56,45
991,1,768,565,25,84
991,2,712,615,57,46
992,1,767,565,23,86
992,2,710,608,57,52
993,1,767,565,21,88
993,2,708,606,57,54
994,1,767,564,21,91
994,2,708,606,57,54
995,1,767,566,19,91
995,2,706,607,61,54
996,1,767,567,18,92
996,2,705,610,64,52
997,1,767,569,18,92
997,2,703,613,67,50
998,1,767,571,18,92
998,2,702,615,69,48
999,1,766,572,18,92
999,2,700,617,71,47
1000,1,766,574,18,92
1000,2,697,618,72,43
1001,1,766,576,18,92
1001,2,694,619,73,40
1002,1,766,578,18,92
1002,2,692,618,72,41
1003,1,766,579,18,92
1003,2,689,616,71,42
1004,1,766,580,18,92
1004,2,687,615,70,42
1005,1,766,582,18,92
1005,2,685,618,72,40
1006,1,766,583,18,92
1006,2,683,620,74,39
1007,1,766,584,18,92
1007,2,681,622,76,37
1008,1,766,586,18,92
1008,2,679,624,78,35
1009,1,766,587,18,93
1009,2,678,626,79,34
1010,1,766,588,18,92
1010,2,676,628,80,32
1011,1,766,589,18,93
1011,2,674,628,80,32
1012,1,765,591,19,91
1012,2,673,629,78,32
1013,1,764,591,18,91
1013,2,672,629,78,32
1014,1,759,593,25,88
1014,2,671,630,76,32
1015,1,755,596,31,84
1015,2,671,630,75,33
1016,1,752,600,37,80
1016,2,671,631,73,34
1017,1,749,605,42,74
1017,2,670,632,72,33
1018,1,746,608,46,72
1018,2,669,630,70,34
1019,1,743,611,50,71
1019,2,668,628,69,36
1020,1,741,614,54,69
1020,2,667,626,69,37
1021,1,739,615,57,68
1021,2,666,625,68,39
1022,1,737,618,62,66
1022,2,665,624,68,39
1023,1,735,621,66,63
1023,2,664,622,67,41
1024,1,732,623,70,60
1024,2,663,620,67,43
1025,1,729,627,75,54
1025,2,661,618,67,45
1026,1,725,629,76,50
1026,2,660,615,68,49
1027,1,722,632,77,46
1027,2,659,611,67,53
1028,1,718,634,78,43
1028,2,658,610,66,55
1029,1,715,638,81,38
1029,2,657,611,66,53
1030,1,713,643,83,34
1030,2,655,614,68,49
1031,1,710,647,86,29
1031,2,653,615,69,48
1032,1,707,649,88,27
1032,2,651,613,70,50
1033,1,704,652,90,23
1033,2,650,611,66,53
1034,1,701,655,92,21
1034,2,649,612,67,52
1035,1,699,655,93,21
1035,2,648,612,67,53
1036,1,696,654,94,21
1036,2,646,612,68,52
1037,1,693,654,94,21
1037,2,645,614,70,49
1038,1,691,654,94,21
1038,2,643,615,71,48
1039,1,689,654,93,22
1039,2,642,614,68,48
1040,1,687,654,93,22
1040,2,641,613,68,50
1041,1,685,654,93,22
1041,2,639,611,70,52
1042,1,683,653,93,22
1042,2,639,611,68,53
1043,1,680,652,93,22
1043,2,638,613,70,51
1044,1,678,652,93,22
1044,2,636,614,73,50
1045,1,676,652,93,22
1045,2,636,616,72,48
1046,1,675,651,93,22
1046,2,633,618,74,43
1047,1,673,651,93,22
1047,2,630,619,73,41
1048,1,671,651,93,22
1048,2,628,617,70,42
1049,1,669,651,93,22
1049,2,626,615,69,43
1050,1,668,651,93,21
1050,2,624,615,68,44
1051,1,666,651,93,21
1051,2,622,619,71,40
1052,1,665,651,93,21
1052,2,620,622,74,37
1053,1,663,651,93,21
1053,2,618,624,76,36
1054,1,662,651,93,21
1054,2,616,626,78,34
1055,1,660,651,93,21
1055,2,614,628,79,33
1056,1,659,651,93,21
1056,2,613,629,79,32
1057,1,657,651,93,21
1057,2,611,629,79,32
1058,1,656,651,93,21
1058,2,609,630,79,31
1059,1,654,651,93,21
1059,2,608,632,79,30
1060,1,653,651,93,21
1060,2,607,633,79,29
1061,1,652,651,93,22
1061,2,605,633,79,29
1062,1,650,652,92,22
1062,2,603,632,78,28
1063,1,649,652,92,22
1063,2,602,631,77,29
1064,1,649,651,89,25
1064,2,600,630,76,28
1065,1,649,651,85,28
1065,2,598,629,74,29
1066,1,648,651,82,31
1066,2,595,628,74,30
1067,1,647,650,82,33
1067,2,593,627,72,30
1068,1,645,649,81,35
1068,2,591,630,75,27
1069,1,644,648,81,37
1069,2,590,633,77,24
1070,1,642,647,81,38
1070,2,587,636,80,21
1071,1,641,646,82,39
1071,2,585,636,81,20
1072,1,639,646,82,40
1072,2,583,637,80,20
1073,1,636,644,83,42
1073,2,582,637,79,20
1074,1,634,641,83,44
1074,2,581,638,78,21
1075,1,631,639,84,46
1075,2,581,635,77,25
1076,1,628,639,84,47
1076,2,581,632,74,27
1077,1,626,641,83,44
1077,2,581,630,70,30
1078,1,623,642,83,40
1078,2,579,629,68,30
1079,1,620,644,82,37
1079,2,578,628,66,30
1080,1,618,647,81,34
1080,2,576,626,66,30
1081,1,615,650,81,31
1081,2,575,622,67,33
1082,1,612,653,80,28
1082,2,572,621,68,34
1083,1,609,651,82,30
1083,2,570,620,67,34
1084,1,606,649,84,33
1084,2,569,619,68,34
1085,1,603,647,86,35
1085,2,568,619,70,34
1086,1,600,645,87,37
1086,2,567,619,70,35
1087,1,598,643,87,40
1087,2,567,619,70,36
1088,1,595,641,87,43
1088,2,566,615,66,41
1089,1,592,640,86,45
1089,2,566,615,65,42
1090,1,590,638,84,48
1090,2,565,614,61,44
1091,1,588,637,84,49
1091,2,564,612,60,46
1092,1,586,635,84,50
1092,2,563,612,59,46
1093,1,583,634,84,50
1093,2,561,612,60,46
1094,1,581,632,84,50
1094,2,560,610,58,47
1095,1,579,631,84,49
1095,2,558,606,59,51
1096,1,577,630,84,49
1096,2,557,603,58,54
1097,1,575,629,84,48
1097,2,555,601,58,55
1098,1,573,628,84,48
1098,2,553,600,59,55
1099,1,571,627,85,48
1099,2,552,600,57,53
1100,1,569,625,85,48
1100,2,550,601,53,52
1101,1,567,624,86,47
1101,2,549,602,55,52
1102,1,565,624,85,46
1102,2,548,605,57,49
1103,1,563,623,86,46
1103,2,547,610,59,45
1104,1,562,622,85,45
1104,2,546,609,64,47
1105,1,560,621,85,45
1105,2,546,612,66,44
1106,1,559,620,85,44
1106,2,546,615,68,41
1107,1,557,619,85,44
1107,2,545,618,68,38
1108,1,555,619,86,43
1108,2,546,618,65,38
1109,1,554,618,86,42
1109,2,548,618,60,37
1110,1,552,617,86,42
1110,2,549,614,52,41
1111,1,550,616,86,42
1111,2,549,609,43,46
1112,1,548,615,86,42
1112,2,549,605,38,49
1113,1,547,614,86,41
1113,2,547,602,34,54
1114,1,546,613,86,41
1114,2,546,598,33,59
1115,1,545,612,85,40
1115,2,545,596,36,62
1116,1,543,612,86,40
1116,2,544,593,38,65
1117,1,542,611,86,40
1117,2,540,592,42,67
1118,1,540,611,86,39
1118,2,536,591,47,68
1119,1,539,610,87,38
1119,2,529,591,52,69
1120,1,537,610,87,37
1120,2,529,598,53,63
1121,1,535,610,88,36
1121,2,565,630,17,32
1122,1,534,609,84,39
1122,2,564,627,17,35
1123,1,533,607,81,42
1123,2,563,624,19,39
1124,1,531,606,77,45
1124,2,562,622,23,41
1125,1,530,606,74,44
1125,2,561,621,28,43
1126,1,528,606,76,40
1126,2,559,620,33,45
1127,1,526,606,75,34
1127,2,558,618,36,49
1128,1,524,605,78,35
1128,2,557,620,40,48
1129,1,522,604,78,37
1129,2,556,622,43,47
1130,1,521,604,80,38
1130,2,555,622,46,47
1131,1,519,603,81,39
1131,2,556,623,49,44
1132,1,518,602,80,42
1132,2,557,624,52,41
1133,1,517,600,81,44
1133,2,558,625,55,39
1134,1,515,598,81,47
1134,2,557,630,60,34
1135,1,513,597,80,49
1135,2,555,634,66,30
1136,1,512,597,79,50
1136,2,553,638,71,27
1137,1,511,596,79,52
1137,2,553,642,75,21
1138,1,510,595,78,54
1138,2,554,641,77,21
1139,1,508,595,77,54
1139,2,555,640,79,22
1140,1,507,595,76,56
1140,2,556,639,82,23
1141,1,506,595,76,57
1141,2,559,637,82,24
1142,1,505,595,76,57
1142,2,561,636,82,24
1143,1,503,595,76,58
1143,2,565,636,81,23
1144,1,502,596,75,58
1144,2,568,636,81,22
1145,1,502,597,74,57
1145,2,571,636,80,21
1146,1,501,597,73,57
1146,2,573,636,80,20
1147,1,500,598,73,57
1147,2,575,636,81,20
1148,1,499,598,72,58
1148,2,577,636,81,20
1149,1,498,598,72,59
1149,2,580,636,81,20
1150,1,497,598,72,60
1150,2,582,636,81,20
1151,1,500,600,67,61
1151,2,584,636,81,20
1152,1,501,601,62,62
1152,2,586,636,81,20
1153,1,497,604,68,59
1153,2,587,635,82,21
1154,1,497,609,70,56
1154,2,588,635,82,21
1155,1,496,610,66,56
1155,2,592,635,79,25
1156,1,496,610,65,58
1156,2,595,635,76,29
1157,1,497,608,62,61
1157,2,598,635,73,32
1158,1,497,606,60,64
1158,2,603,633,69,36
1159,1,497,604,57,67
1159,2,607,631,66,41
1160,1,497,602,54,70
1160,2,612,630,62,45
1161,1,497,601,52,72
1161,2,614,628,61,47
1162,1,497,601,49,73
1162,2,617,626,59,51
1163,1,497,600,46,75
1163,2,620,625,57,53
1164,1,497,600,44,76
1164,2,620,623,58,56
1165,1,496,600,43,77
1165,2,620,621,59,60
1166,1,495,600,42,77
1166,2,621,619,60,63
1167,1,490,600,46,74
1167,2,622,618,59,64
1168,1,493,606,43,67
1168,2,623,617,59,65
1169,1,493,610,43,62
1169,2,625,617,58,66
1170,1,493,615,41,55
1170,2,625,617,58,66
1171,1,490,615,47,54
1171,2,625,617,58,66
1172,1,489,614,52,54
1172,2,625,617,59,66
1173,1,486,614,57,54
1173,2,628,626,55,56
1174,1,485,614,61,54
1174,2,632,627,49,55
1175,1,482,615,66,53
1175,2,640,625,43,56
1176,1,479,618,71,50
1176,2,646,625,37,57
1177,1,477,622,75,47
1177,2,643,622,41,60
1178,1,475,625,79,44
1178,2,641,620,44,64
1179,1,474,628,82,41
1179,2,639,618,46,67
1180,1,475,631,82,38
1180,2,637,617,50,65
1181,1,477,632,83,38
1181,2,635,615,50,65
1182,1,478,632,84,38
1182,2,634,622,50,59
1183,1,479,632,84,38
1183,2,633,629,51,47
1184,1,481,633,85,38
1184,2,631,638,56,37
1185,1,482,633,85,38
1185,2,627,638,64,39
1186,1,484,632,84,39
1186,2,622,635,70,41
1187,1,485,632,84,39
1187,2,618,632,75,46
1188,1,487,632,84,40
1188,2,615,630,75,49
1189,1,489,632,84,40
1189,2,610,627,74,53
1190,1,490,631,84,41
1190,2,606,624,73,56
1191,1,493,631,82,42
1191,2,601,621,74,57
1192,1,494,630,83,42
1192,2,597,619,74,54
1193,1,500,631,80,39
1193,2,593,618,76,51
1194,1,506,628,77,41
1194,2,589,616,77,50
1195,1,511,628,74,41
1195,2,588,614,71,48
1196,1,516,630,73,40
1196,2,589,615,62,41
1197,1,517,634,74,35
1197,2,590,612,58,43
1198,1,516,639,77,30
1198,2,592,610,53,51
1199,1,515,643,78,26
1199,2,591,608,51,56
1200,1,517,646,79,22
1200,2,592,605,49,63
1201,1,518,646,79,21
1201,2,592,602,46,69
1202,1,520,645,76,22
1202,2,592,600,44,74
1203,1,521,645,75,22
1203,2,592,597,40,80
1204,1,524,643,89,24
1204,2,592,596,37,83
1205,1,527,643,88,25
1205,2,592,595,35,86
1206,1,529,642,88,26
1206,2,592,594,33,90
1207,1,532,641,88,27
1207,2,592,597,32,89
1208,1,534,640,88,28
1208,2,589,598,33,89
1209,1,537,640,88,29
1209,2,586,599,34,86
1210,1,539,639,88,29
1210,2,583,602,36,81
1211,1,541,638,87,29
1211,2,579,608,39,75
1212,1,543,638,87,29
1212,2,576,614,45,70
1213,1,545,637,87,28
1213,2,572,618,51,66
1214,1,548,637,86,27
1214,2,569,621,55,64
1215,1,550,637,86,27
1215,2,567,625,60,61
1216,1,552,636,86,27
1216,2,564,627,64,60
1217,1,553,635,86,27
1217,2,562,631,68,57
1218,1,555,634,86,27
1218,2,561,633,71,55
1219,1,556,634,87,27
1219,2,560,635,74,53
1220,1,558,634,88,26
1220,2,559,638,76,50
1221,1,560,633,88,25
1221,2,559,637,76,51
1222,1,562,633,88,25
1222,2,560,647,74,41
1223,1,562,633,89,25
1223,2,562,652,71,36
1224,1,566,633,86,24
1224,2,561,647,64,41
1225,1,573,632,81,22
1225,2,560,639,54,51
1226,1,572,631,84,24
1226,2,564,633,37,58
1227,1,572,632,85,24
1227,2,562,627,35,63
1228,1,573,631,86,24
1228,2,561,625,38,59
1229,1,574,631,86,24
1229,2,558,626,45,53
1230,1,574,630,87,24
1230,2,555,634,53,43
1231,1,576,630,87,24
1231,2,553,635,58,42
1232,1,578,630,87,24
1232,2,552,634,64,40
1233,1,579,630,87,24
1233,2,550,636,69,38
1234,1,581,629,87,24
1234,2,547,638,76,34
1235,1,582,629,87,23
1235,2,545,643,82,29
1236,1,582,629,88,23
1236,2,544,649,87,22
1237,1,585,630,87,22
1237,2,545,651,90,20
1238,1,589,628,81,27
1238,2,548,653,91,19
1239,1,595,627,74,29
1239,2,552,654,90,18
1240,1,601,623,67,36
1240,2,555,655,91,17
1241,1,604,622,65,38
1241,2,559,654,90,19
1242,1,606,621,62,41
1242,2,563,653,90,20
1243,1,607,619,61,45
1243,2,567,651,89,22
1244,1,606,617,61,48
1244,2,571,650,87,24
1245,1,607,615,59,51
1245,2,574,650,87,24
1246,1,607,614,58,52
1246,2,577,650,86,24
1247,1,603,613,63,54
1247,2,581,651,86,24
1248,1,605,612,61,55
1248,2,581,651,89,24
1249,1,605,611,61,54
1249,2,584,652,88,23
1250,1,608,609,58,56
1250,2,587,653,87,23
1251,1,608,609,59,57
1251,2,590,654,87,22
1252,1,608,608,59,58
1252,2,592,655,87,21
1253,1,608,608,59,57
1253,2,594,656,88,21
1254,1,608,606,58,59
1254,2,595,657,89,20
1255,1,609,603,59,62
1255,2,598,658,89,19
1256,1,609,603,59,62
1256,2,600,659,89,18
1257,1,611,603,58,63
1257,2,602,660,89,17
1258,1,613,603,61,63
1258,2,604,661,89,17
1259,1,615,603,61,62
1259,2,606,661,89,16
1260,1,619,603,60,62
1260,2,608,662,89,16
1261,1,619,603,61,61
1261,2,610,662,89,16
1262,1,622,608,60,56
1262,2,612,663,89,16
1263,1,622,612,61,51
1263,2,614,663,89,15
1264,1,621,616,64,47
1264,2,616,663,89,17
1265,1,620,618,66,44
1265,2,618,663,89,18
1266,1,617,622,71,41
1266,2,619,662,89,20
1267,1,615,624,74,39
1267,2,625,661,84,25
1268,1,629,614,50,59
1268,2,627,659,83,26
1269,1,633,601,47,72
1269,2,631,657,81,29
1270,1,644,589,41,81
1270,2,635,654,81,32
1271,1,652,579,38,85
1271,2,639,655,81,26
1272,1,651,572,43,80
1272,2,641,656,83,25
1273,1,651,565,48,79
1273,2,642,656,86,23
1274,1,651,559,52,77
1274,2,644,657,88,21
1275,1,651,552,56,76
1275,2,648,657,87,20
1276,1,654,546,57,76
1276,2,651,657,88,20
1277,1,658,540,56,75
1277,2,654,657,87,19
1278,1,661,534,57,75
1278,2,658,657,87,19
1279,1,663,528,59,76
1279,2,662,657,85,20
1280,1,666,523,58,76
1280,2,665,657,85,20
1281,1,669,518,59,78
1281,2,668,657,85,20
1282,1,673,514,57,76
1282,2,670,656,85,21
1283,1,676,509,58,78
1283,2,673,655,85,22
1284,1,679,504,58,78
1284,2,676,655,85,23
1285,1,682,500,57,78
1285,2,678,654,85,24
1286,1,685,495,56,78
1286,2,680,653,85,26
1287,1,688,492,56,79
1287,2,682,652,85,27
1288,1,691,488,55,79
1288,2,685,652,84,27
1289,1,693,485,55,80
1289,2,688,651,83,28
1290,1,696,481,55,78
1290,2,690,651,83,28
1291,1,698,478,54,79
1291,2,692,651,83,28
1292,1,700,474,54,79
1292,2,695,651,82,29
1293,1,703,471,53,79
1293,2,697,650,82,29
1294,1,705,468,53,79
1294,2,698,650,82,29
1295,1,706,465,54,79
1295,2,700,650,82,30
1296,1,708,462,54,79
1296,2,702,650,83,29
1297,1,710,460,54,79
1297,2,705,649,82,30
1298,1,712,457,54,79
1298,2,712,648,77,31
1299,1,714,454,53,79
1299,2,713,646,79,31
1300,1,716,451,53,80
1300,2,716,646,78,32
1301,1,716,450,54,77
1301,2,718,648,78,32
1302,1,720,452,58,70
1302,2,719,649,80,30
1303,1,728,457,55,63
1303,2,720,652,81,27
1304,1,731,456,53,55
1304,2,720,653,84,25
1305,1,729,454,54,47
1305,2,721,657,85,21
1306,1,728,452,56,43
1306,2,722,656,85,21
1307,1,726,450,57,50
1307,2,725,656,85,21
1308,1,724,448,60,55
1308,2,726,656,85,19
1309,1,726,446,59,60
1309,2,728,656,85,18
1310,1,726,443,59,67
1310,2,730,654,84,22
1311,1,730,441,56,72
1311,2,733,652,82,24
1312,1,731,439,56,77
1312,2,735,650,81,28
1313,1,734,438,54,81
1313,2,738,648,78,29
1314,1,739,439,51,83
1314,2,742,646,75,31
1315,1,741,440,50,84
1315,2,746,644,72,33
1316,1,743,442,48,85
1316,2,747,643,72,33
1317,1,745,443,47,87
1317,2,748,642,72,33
1318,1,747,445,47,87
1318,2,748,641,73,33
1319,1,749,447,46,88
1319,2,748,640,74,34
1320,1,750,449,46,88
1320,2,749,640,74,34
1321,1,751,450,46,89
1321,2,750,639,74,35
1322,1,753,453,43,89
1322,2,751,638,74,35
1323,1,755,454,43,89
1323,2,752,638,73,35
1324,1,756,456,43,89
1324,2,753,637,73,36
1325,1,756,459,43,89
1325,2,755,637,72,36
1326,1,757,461,43,88
1326,2,756,636,69,39
1327,1,759,463,42,88
1327,2,757,636,67,38
1328,1,759,465,43,88
1328,2,762,635,63,39
1329,1,760,467,43,88
1329,2,767,633,58,39
1330,1,760,469,43,88
1330,2,771,632,54,39
1331,1,761,470,43,88
1331,2,780,628,43,43
1332,1,762,472,43,88
1332,2,788,623,37,47
1333,1,763,474,43,88
1333,2,790,621,37,49
1334,1,763,477,43,87
1334,2,789,619,39,52
1335,1,764,479,43,87
1335,2,787,617,41,54
1336,1,765,480,43,87
1336,2,785,615,44,55
1337,1,765,482,43,87
1337,2,781,613,46,55
1338,1,766,484,43,86
1338,2,777,614,48,54
1339,1,766,485,44,88
1339,2,776,615,50,52
1340,1,766,487,45,87
1340,2,774,618,55,47
1341,1,767,489,45,86
1341,2,771,620,59,45
1342,1,767,491,45,86
1342,2,770,621,63,43
1343,1,768,492,45,85
1343,2,768,623,67,41
1344,1,769,494,45,85
1344,2,765,625,71,37
1345,1,770,496,44,84
1345,2,763,629,75,33
1346,1,770,497,44,84
1346,2,761,633,79,29
1347,1,771,499,45,84
1347,2,759,637,83,24
1348,1,771,500,45,84
1348,2,758,637,83,24
1349,1,772,502,45,84
1349,2,756,637,84,23
1350,1,772,503,46,84
1350,2,754,637,85,22
1351,1,772,504,46,84
1351,2,753,637,85,22
1352,1,772,505,47,85
1352,2,752,636,85,22
1353,1,773,507,47,85
1353,2,750,636,85,22
1354,1,773,508,47,85
1354,2,749,635,85,22
1355,1,773,509,47,85
1355,2,747,633,84,23
1356,1,773,510,48,85
1356,2,746,632,84,23
1357,1,774,511,48,85
1357,2,746,631,83,25
1358,1,774,512,48,85
1358,2,748,629,76,31
1359,1,774,513,48,86
1359,2,750,629,70,35
1360,1,774,514,49,86
1360,2,752,628,63,40
1361,1,775,515,48,86
1361,2,753,622,54,48
1362,1,776,517,48,86
1362,2,753,621,49,49
1363,1,777,518,48,86
1363,2,754,620,45,49
1364,1,777,519,48,86
1364,2,754,619,41,49
1365,1,778,520,48,86
1365,2,752,616,41,52
1366,1,778,521,48,86
1366,2,752,613,42,57
1367,1,779,523,47,86
1367,2,751,610,42,61
1368,1,780,528,43,83
1368,2,751,607,43,66
1369,1,782,531,40,81
1369,2,751,605,45,67
1370,1,780,535,47,80
1370,2,752,603,46,68
1371,1,779,540,48,78
1371,2,753,601,47,69
1372,1,783,540,39,80
1372,2,753,601,48,67
1373,1,786,541,35,82
1373,2,755,602,48,64
1374,1,792,541,30,85
1374,2,754,605,51,60
1375,1,794,541,29,87
1375,2,752,608,55,56
1376,1,795,542,28,88
1376,2,750,611,58,52
1377,1,796,544,26,88
1377,2,749,612,62,51
1378,1,797,545,25,89
1378,2,747,616,66,48
1379,1,795,545,26,91
1379,2,744,619,71,45
1380,1,795,548,27,91
1380,2,742,622,75,41
1381,1,796,550,27,89
1381,2,742,625,77,39
1382,1,795,553,29,88
1382,2,742,627,79,37
1383,1,795,555,31,88
1383,2,741,630,81,35
1384,1,794,557,32,88
1384,2,742,632,82,33
1385,1,793,559,34,88
1385,2,742,634,84,30
1386,1,792,561,34,88
1386,2,743,636,85,28
1387,1,792,563,35,88
1387,2,744,637,86,27
1388,1,791,565,36,87
1388,2,745,639,85,26
1389,1,791,567,37,86
1389,2,747,640,85,25
1390,1,790,569,37,85
1390,2,747,640,86,24
1391,1,790,571,38,85
1391,2,749,641,85,24
1392,1,789,572,39,85
1392,2,751,641,84,24
1393,1,788,574,40,84
1393,2,753,641,84,24
1394,1,787,575,41,85
1394,2,754,641,84,24
1395,1,788,577,40,84
1395,2,756,642,84,24
1396,1,787,578,41,84
1396,2,757,642,85,24
1397,1,786,580,41,84
1397,2,758,642,85,25
1398,1,786,582,40,84
1398,2,759,642,84,25
1399,1,785,584,41,84
1399,2,760,642,84,26
1400,1,783,586,42,84
1400,2,763,643,81,29
1401,1,782,588,44,83
1401,2,766,643,78,33
1402,1,782,590,44,83
1402,2,770,643,74,36
1403,1,781,592,42,82
1403,2,773,639,72,40
1404,1,781,593,41,82
1404,2,775,636,74,42
1405,1,780,593,42,83
1405,2,777,635,75,45
1406,1,781,593,38,86
1406,2,778,634,76,46
1407,1,782,593,35,87
1407,2,780,632,77,49
1408,1,781,594,33,87
1408,2,782,632,78,50
1409,1,781,594,32,88
1409,2,800,639,63,44
1410,1,781,595,32,87
1410,2,799,638,66,44
1411,1,782,597,32,87
1411,2,799,635,68,47
1412,1,782,597,31,88
1412,2,799,634,71,48
1413,1,782,598,31,88
1413,2,803,633,69,50
1414,1,782,600,32,86
1414,2,804,635,70,50
1415,1,782,600,32,86
1415,2,802,639,74,48
1416,1,781,601,30,86
1416,2,803,645,77,42
1417,1,781,599,35,88
1417,2,803,645,79,42
1418,1,781,599,36,88
1418,2,808,642,77,44
1419,1,780,599,37,88
1419,2,810,642,78,45
1420,1,780,599,36,88
1420,2,812,644,78,44
1421,1,780,599,35,88
1421,2,814,646,79,43
1422,1,780,600,34,87
1422,2,816,647,80,43
1423,1,782,602,31,86
1423,2,818,649,81,42
1424,1,782,602,32,86
1424,2,820,651,81,41
1425,1,782,602,32,86
1425,2,821,652,82,40
1426,1,782,602,32,86
1426,2,824,651,82,37
1427,1,782,602,32,86
1427,2,831,650,78,38
1428,1,781,602,33,86
1428,2,835,650,77,38
1429,1,780,602,33,86
1429,2,840,653,74,34
1430,1,780,601,33,87
1430,2,842,656,74,32
1431,1,779,601,34,86
1431,2,844,655,75,35
1432,1,779,601,34,87
1432,2,846,652,77,38
1433,1,778,601,35,87
1433,2,847,650,77,40
1434,1,777,601,36,87
1434,2,850,647,78,42
1435,1,777,601,37,87
1435,2,851,644,79,45
1436,1,776,601,37,86
1436,2,853,642,79,46
1437,1,775,602,38,85
1437,2,855,641,81,48
1438,1,774,603,43,83
1438,2,858,639,80,51
1439,1,776,605,44,79
1439,2,863,637,77,53
1440,1,778,606,45,79
1440,2,865,639,78,51
1441,1,776,610,47,75
1441,2,871,641,76,49
1442,1,775,613,50,72
1442,2,877,641,69,49
1443,1,773,615,54,72
1443,2,884,638,59,47
1444,1,772,618,57,69
1444,2,887,636,55,44
1445,1,771,619,59,68
1445,2,888,633,53,50
1446,1,770,621,62,67
1446,2,888,631,52,56
1447,1,768,622,66,67
1447,2,887,629,52,61
1448,1,766,623,69,66
1448,2,887,627,51,66
1449,1,765,625,72,64
1449,2,889,624,50,72
1450,1,763,627,75,63
1450,2,891,621,49,76
1451,1,762,629,78,61
1451,2,894,618,48,79
1452,1,762,635,80,51
1452,2,897,615,47,83
1453,1,764,636,82,50
1453,2,904,616,44,83
1454,1,772,637,76,50
1454,2,909,616,41,83
1455,1,773,642,78,44
1455,2,912,619,40,81
1456,1,774,646,80,38
1456,2,910,621,43,78
1457,1,775,650,81,32
1457,2,908,623,47,76
1458,1,773,655,87,27
1458,2,907,624,49,76
1459,1,772,658,90,25
1459,2,905,628,52,73
1460,1,774,659,90,23
1460,2,904,629,53,72
1461,1,776,657,90,24
1461,2,903,628,55,72
1462,1,777,657,91,25
1462,2,897,631,60,70
1463,1,779,656,92,25
1463,2,893,634,62,68
1464,1,781,655,92,26
1464,2,890,640,71,63
1465,1,783,655,92,27
1465,2,894,645,65,59
1466,1,784,654,92,28
1466,2,899,645,59,59
1467,1,786,653,92,29
1467,2,900,643,59,62
1468,1,788,653,92,29
1468,2,912,642,47,64
1469,1,790,652,91,30
1469,2,917,638,42,68
1470,1,793,651,91,31
1470,2,921,634,39,72
1471,1,795,651,90,31
1471,2,923,627,38,79
1472,1,797,650,90,32
1472,2,923,621,39,85
1473,1,799,650,89,32
1473,2,923,619,41,85
1474,1,801,650,89,32
1474,2,923,619,41,85
1475,1,803,649,89,32
1475,2,922,619,41,86
1476,1,805,649,88,32
1476,2,921,617,41,86
1477,1,807,648,88,33
1477,2,917,619,40,82
1478,1,809,647,87,33
1478,2,914,620,42,79
1479,1,810,647,88,33
1479,2,911,621,44,75
1480,1,811,647,87,33
1480,2,909,623,47,72
1481,1,812,646,88,33
1481,2,907,625,50,70
1482,1,814,646,88,34
1482,2,906,627,52,66
1483,1,815,646,87,33
1483,2,904,629,54,64
1484,1,817,645,87,34
1484,2,902,629,56,64
1485,1,818,645,88,34
1485,2,900,629,58,65
1486,1,819,644,87,34
1486,2,899,629,60,65
1487,1,820,644,88,34
1487,2,898,629,62,64
1488,1,822,644,88,33
1488,2,899,629,61,67
1489,1,822,644,88,34
1489,2,900,631,60,68
1490,1,825,645,87,31
1490,2,903,634,60,68
1491,1,830,644,80,35
1491,2,903,634,63,67
1492,1,835,641,75,38
1492,2,901,643,67,59
1493,1,842,640,66,38
1493,2,901,646,65,57
1494,1,845,638,63,42
1494,2,902,646,57,58
1495,1,846,635,61,49
1495,2,903,642,51,62
1496,1,848,632,60,53
1496,2,904,639,46,65
1497,1,847,631,61,56
1497,2,902,637,46,66
1498,1,849,629,59,59
1498,2,897,632,47,72
1499,1,851,628,57,61
1499,2,892,627,49,75
1500,1,852,626,55,62
1500,2,887,626,49,76
1501,1,855,625,53,61
1501,2,883,626,48,76
1502,1,856,622,51,62
1502,2,880,629,53,73
1503,1,856,618,51,65
1503,2,875,634,57,63
1504,1,855,617,53,66
1504,2,873,638,59,56
1505,1,858,626,53,55
1505,2,870,642,63,49
1506,1,867,630,47,44
1506,2,868,649,68,45
1507,1,862,632,54,40
1507,2,864,654,76,41
1508,1,857,632,63,37
1508,2,860,657,81,35
1509,1,852,631,72,37
1509,2,857,661,87,29
1510,1,847,631,80,36
1510,2,853,664,91,23
1511,1,842,631,85,36
1511,2,850,666,94,19
1512,1,837,629,90,37
1512,2,847,666,94,20
1513,1,832,628,91,39
1513,2,844,666,93,20
1514,1,827,626,91,39
1514,2,841,665,93,20
1515,1,822,625,92,40
1515,2,838,665,92,20
1516,1,818,623,92,40
1516,2,835,664,92,20
1517,1,814,622,92,39
1517,2,832,664,92,20
1518,1,810,621,92,38
1518,2,830,663,91,19
1519,1,806,620,92,37
1519,2,827,663,92,18
1520,1,802,619,91,37
1520,2,825,663,91,17
1521,1,799,618,90,37
1521,2,823,662,91,18
1522,1,795,617,90,37
1522,2,820,662,90,18
1523,1,792,616,90,37
1523,2,818,661,90,19
1524,1,788,616,91,37
1524,2,816,661,90,19
1525,1,785,615,91,37
1525,2,813,661,90,19
1526,1,782,614,91,37
1526,2,811,660,90,19
1527,1,778,613,91,37
1527,2,810,660,89,19
1528,1,775,612,91,37
1528,2,808,660,89,19
1529,1,773,611,91,37
1529,2,806,659,88,20
1530,1,770,610,90,36
1530,2,804,658,87,21
1531,1,768,609,90,36
1531,2,802,658,88,22
1532,1,765,608,89,36
1532,2,801,658,87,22
1533,1,763,608,88,36
1533,2,799,657,88,22
1534,1,761,607,87,37
1534,2,797,657,88,22
1535,1,758,607,87,36
1535,2,795,657,88,22
1536,1,755,606,87,37
1536,2,794,657,88,22
1537,1,752,606,87,36
1537,2,793,657,88,22
1538,1,750,605,88,38
1538,2,791,657,88,22
1539,1,748,603,87,40
1539,2,790,657,87,22
1540,1,745,602,88,42
1540,2,789,657,87,22
1541,1,743,602,88,42
1541,2,788,657,86,22
1542,1,741,602,87,40
1542,2,786,657,86,22
1543,1,738,602,87,40
1543,2,785,657,86,23
1544,1,736,602,88,37
1544,2,783,657,86,23
1545,1,734,602,89,34
1545,2,782,657,85,23
1546,1,731,602,90,31
1546,2,781,656,86,24
1547,1,729,601,91,30
1547,2,780,656,85,24
1548,1,727,600,92,30
1548,2,779,656,85,24
1549,1,725,600,93,29
1549,2,777,656,85,24
1550,1,723,599,93,29
1550,2,776,656,85,24
1551,1,721,598,94,29
1551,2,775,657,86,24
1552,1,720,597,94,30
1552,2,774,657,86,24
1553,1,718,596,95,30
1553,2,772,658,87,25
1554,1,715,596,96,30
1554,2,770,657,87,24
1555,1,713,595,97,30
1555,2,767,656,87,24
1556,1,712,595,97,29
1556,2,765,656,87,23
1557,1,711,594,97,29
1557,2,762,655,86,25
1558,1,709,594,97,29
1558,2,760,654,86,27
1559,1,707,594,95,28
1559,2,757,653,86,29
1560,1,705,593,94,29
1560,2,755,653,87,28
1561,1,703,593,93,28
1561,2,753,653,88,27
1562,1,701,592,91,31
1562,2,751,653,89,27
1563,1,699,591,89,34
1563,2,749,653,89,26
1564,1,698,590,87,36
1564,2,747,653,89,25
1565,1,696,588,84,38
1565,2,745,652,89,24
1566,1,695,589,83,39
1566,2,744,653,89,24
1567,1,693,590,82,39
1567,2,742,653,89,24
1568,1,691,591,81,39
1568,2,740,653,88,24
1569,1,690,590,81,42
1569,2,739,653,88,24
1570,1,688,590,81,44
1570,2,737,653,88,24
1571,1,687,589,81,47
1571,2,735,653,88,24
1572,1,686,587,81,48
1572,2,734,653,88,24
1573,1,685,584,81,52
1573,2,732,653,88,24
1574,1,683,583,81,56
1574,2,730,653,88,24
1575,1,681,582,80,57
1575,2,729,653,88,24
1576,1,680,581,79,59
1576,2,728,653,87,24
1577,1,679,581,79,61
1577,2,727,653,87,24
1578,1,677,581,78,61
1578,2,728,652,85,27
1579,1,676,582,77,62
1579,2,730,652,80,30
1580,1,675,582,77,62
1580,2,731,652,77,31
1581,1,674,582,76,63
1581,2,731,646,72,36
1582,1,673,582,75,64
1582,2,732,643,66,40
1583,1,672,582,75,65
1583,2,731,641,62,41
1584,1,670,582,75,66
1584,2,731,638,60,44
1585,1,664,585,76,60
1585,2,731,636,59,47
1586,1,659,584,71,60
1586,2,732,633,59,49
1587,1,656,587,73,60
1587,2,732,631,60,52
1588,1,652,596,79,55
1588,2,731,630,62,52
1589,1,647,604,84,50
1589,2,730,631,63,52
1590,1,643,607,85,49
1590,2,729,630,64,52
1591,1,638,611,87,49
1591,2,728,629,65,54
1592,1,634,611,84,51
1592,2,726,626,66,57
1593,1,631,611,83,53
1593,2,725,625,66,58
1594,1,628,611,81,55
1594,2,725,623,66,60
1595,1,624,611,80,58
1595,2,725,621,66,63
1596,1,622,612,80,59
1596,2,724,619,66,65
1597,1,619,613,79,61
1597,2,723,620,67,63
1598,1,617,613,76,64
1598,2,722,621,68,61
1599,1,614,613,75,66
1599,2,721,623,69,59
1600,1,613,613,73,69
1600,2,720,621,68,62
1601,1,614,614,68,72
1601,2,719,619,66,64
1602,1,615,614,65,76
1602,2,718,617,65,66
1603,1,616,623,61,70
1603,2,718,617,66,67
1604,1,617,624,58,70
1604,2,716,619,67,66
1605,1,616,625,52,68
1605,2,715,620,69,64
1606,1,615,628,52,64
1606,2,714,622,70,62
1607,1,612,630,48,60
1607,2,712,623,72,61
1608,1,610,629,46,59
1608,2,712,621,72,62
1609,1,609,628,42,59
1609,2,712,620,72,63
1610,1,607,627,45,60
1610,2,711,619,73,65
1611,1,606,623,48,63
1611,2,711,620,72,64
1612,1,604,618,52,68
1612,2,711,621,71,63
1613,1,603,615,53,71
1613,2,710,623,70,62
1614,1,603,614,55,72
1614,2,709,624,71,60
1615,1,600,614,59,71
1615,2,707,628,73,56
1616,1,598,615,62,71
1616,2,705,627,74,56
1617,1,597,616,65,69
1617,2,704,624,73,59
1618,1,595,618,68,68
1618,2,702,624,71,59
1619,1,593,620,70,66
1619,2,700,622,69,61
1620,1,592,621,73,65
1620,2,700,622,69,61
1621,1,591,622,74,64
1621,2,698,625,72,58
1622,1,590,623,76,64
1622,2,697,627,74,57
1623,1,590,624,77,63
1623,2,696,628,76,56
1624,1,590,626,78,61
1624,2,694,630,78,55
1625,1,590,628,79,59
1625,2,695,632,78,55
1626,1,589,627,81,59
1626,2,695,635,76,52
1627,1,589,630,82,57
1627,2,696,638,74,49
1628,1,589,632,82,56
1628,2,696,641,73,46
1629,1,589,632,83,55
1629,2,695,641,68,46
1630,1,590,632,83,55
1630,2,698,637,58,51
1631,1,590,632,83,55
1631,2,699,634,48,55
1632,1,591,632,84,55
1632,2,701,629,40,61
1633,1,591,633,84,55
1633,2,701,625,35,65
1634,1,592,634,84,54
1634,2,701,620,33,71
1635,1,593,634,83,54
1635,2,700,618,33,73
1636,1,595,636,82,53
1636,2,699,617,35,75
1637,1,595,636,83,53
1637,2,698,615,36,77
1638,1,595,636,83,53
1638,2,697,614,37,79
1639,1,595,636,84,53
1639,2,697,614,41,77
1640,1,596,636,84,53
1640,2,700,614,42,74
1641,1,597,637,83,53
1641,2,701,614,45,70
1642,1,597,637,83,53
1642,2,698,621,50,63
1643,1,599,638,82,53
1643,2,696,625,55,56
1644,1,599,638,82,53
1644,2,693,631,62,48
1645,1,600,638,82,53
1645,2,690,635,67,43
1646,1,600,639,82,52
1646,2,688,640,72,38
1647,1,601,639,82,52
1647,2,686,644,77,33
1648,1,601,639,82,52
1648,2,686,645,80,31
1649,1,602,639,82,52
1649,2,684,647,83,30
1650,1,602,639,82,52
1650,2,684,648,86,28
1651,1,603,640,82,52
1651,2,685,648,87,28
1652,1,603,640,82,52
1652,2,686,648,88,27
1653,1,604,641,82,51
1653,2,687,649,89,25
1654,1,604,641,82,51
1654,2,688,649,91,24
1655,1,604,641,83,51
1655,2,690,648,91,25
1656,1,605,642,85,48
1656,2,693,647,90,26
1657,1,611,638,81,50
1657,2,695,646,90,27
1658,1,612,636,83,52
1658,2,699,645,86,31
1659,1,617,636,80,52
1659,2,703,645,82,33
1660,1,621,636,79,51
1660,2,705,644,80,38
1661,1,620,641,82,47
1661,2,713,640,74,44
1662,1,621,642,84,46
1662,2,715,638,75,47
1663,1,621,646,85,42
1663,2,717,639,76,47
1664,1,621,648,87,40
1664,2,719,639,78,48
1665,1,620,651,90,38
1665,2,721,635,79,52
1666,1,621,654,91,35
1666,2,725,632,80,56
1667,1,622,656,92,33
1667,2,730,631,78,59
1668,1,622,658,94,31
1668,2,733,633,76,61
1669,1,622,660,95,29
1669,2,734,636,74,62
1670,1,624,660,95,29
1670,2,736,639,72,59
1671,1,625,661,96,28
1671,2,738,642,71,56
1672,1,627,661,96,28
1672,2,739,644,71,54
1673,1,629,662,95,27
1673,2,742,645,72,53
1674,1,630,663,95,26
1674,2,746,647,69,49
1675,1,632,664,95,25
1675,2,755,645,59,52
1676,1,633,664,95,25
1676,2,763,641,48,55
1677,1,634,664,96,25
1677,2,768,638,40,58
1678,1,635,664,96,25
1678,2,771,632,38,64
1679,1,637,664,95,25
1679,2,773,630,37,66
1680,1,639,664,95,25
1680,2,772,629,39,67
1681,1,640,664,96,25
1681,2,770,629,43,66
1682,1,641,664,96,25
1682,2,770,627,43,67
1683,1,642,664,96,26
1683,2,769,627,44,68
1684,1,644,664,96,26
1684,2,769,624,46,70
1685,1,645,664,96,26
1685,2,766,621,48,72
1686,1,646,664,96,25
1686,2,762,620,50,69
1687,1,647,664,96,25
1687,2,760,622,50,66
1688,1,649,664,95,26
1688,2,759,625,52,63
1689,1,650,664,95,26
1689,2,757,628,57,60
1690,1,652,664,95,26
1690,2,755,631,60,57
1691,1,653,664,94,26
1691,2,754,631,65,57
1692,1,655,664,94,26
1692,2,753,633,69,55
1693,1,655,664,94,26
1693,2,751,636,74,52
1694,1,657,664,94,26
1694,2,751,638,75,51
1695,1,658,664,94,26
1695,2,751,641,75,49
1696,1,658,664,94,26
1696,2,751,643,74,48
1697,1,663,664,92,26
1697,2,751,644,74,48
1698,1,663,664,91,26
1698,2,751,645,74,47
1699,1,663,664,91,26
1699,2,750,647,74,44
1700,1,665,664,92,26
1700,2,752,646,70,42
1701,1,665,664,92,26
1701,2,749,643,71,40
1702,1,665,664,93,27
1702,2,744,638,70,44
1703,1,664,664,95,29
1703,2,742,636,70,44
1704,1,668,663,93,31
1704,2,741,635,69,47
1705,1,668,664,94,31
1705,2,739,633,69,49
1706,1,670,665,93,31
1706,2,738,633,69,49
1707,1,673,665,91,31
1707,2,738,637,70,45
1708,1,676,665,90,30
1708,2,737,640,71,41
1709,1,676,663,92,31
1709,2,736,643,70,37
1710,1,677,661,94,33
1710,2,732,642,71,38
1711,1,678,660,95,34
1711,2,730,636,69,43
1712,1,683,662,93,32
1712,2,728,633,66,47
1713,1,684,666,95,28
1713,2,725,632,65,49
1714,1,685,668,96,27
1714,2,724,631,64,50
1715,1,687,669,97,26
1715,2,722,632,66,49
1716,1,691,671,94,24
1716,2,719,634,70,47
1717,1,690,672,97,23
1717,2,716,637,73,43
1718,1,692,673,96,22
1718,2,714,636,71,45
1719,1,694,674,96,22
1719,2,711,635,71,45
1720,1,695,675,97,21
1720,2,710,637,72,43
1721,1,698,675,95,20
1721,2,708,639,76,41
1722,1,702,674,93,21
1722,2,706,643,78,38
1723,1,704,674,93,21
1723,2,704,645,83,36
1724,1,706,674,93,21
1724,2,703,649,84,33
1725,1,708,675,93,21
1725,2,701,651,83,32
1726,1,707,675,95,21
1726,2,698,649,84,33
1727,1,708,675,95,21
1727,2,697,646,81,36
1728,1,709,675,96,21
1728,2,696,641,76,40
1729,1,709,674,97,22
1729,2,694,637,76,45
1730,1,710,674,97,22
1730,2,693,636,79,46
1731,1,711,674,97,22
1731,2,692,636,79,46
1732,1,713,674,97,22
1732,2,691,639,80,43
1733,1,714,674,97,22
1733,2,690,641,80,41
1734,1,715,674,97,22
1734,2,689,643,81,39
1735,1,717,674,96,22
1735,2,689,642,81,40
1736,1,719,674,96,22
1736,2,688,642,81,40
1737,1,720,674,96,22
1737,2,688,641,81,41
1738,1,721,674,96,22
1738,2,687,641,80,41
1739,1,722,674,96,22
1739,2,686,641,78,41
1740,1,723,674,96,22
1740,2,685,641,77,41
1741,1,724,674,97,22
1741,2,685,638,77,44
1742,1,725,674,97,22
1742,2,684,634,76,48
1743,1,727,673,94,24
1743,2,683,631,76,51
1744,1,728,671,92,27
1744,2,683,633,76,49
1745,1,732,670,87,28
1745,2,682,635,76,47
1746,1,736,666,86,32
1746,2,681,637,76,45
1747,1,739,665,86,33
1747,2,680,639,77,42
1748,1,741,667,86,30
1748,2,680,637,75,45
1749,1,742,667,87,31
1749,2,679,632,74,50
1750,1,742,667,90,31
1750,2,679,631,74,50
1751,1,745,667,90,27
1751,2,679,633,75,48
1752,1,747,668,90,26
1752,2,676,638,75,41
1753,1,749,668,90,26
1753,2,672,635,76,43
1754,1,751,668,90,25
1754,2,670,630,72,47
1755,1,752,668,90,25
1755,2,668,628,73,49
1756,1,754,668,90,25
1756,2,666,629,74,49
1757,1,755,668,90,24
1757,2,664,634,74,45
1758,1,757,668,90,24
1758,2,663,638,75,41
1759,1,760,668,89,24
1759,2,661,639,76,41
1760,1,762,668,89,23
1760,2,659,638,75,42
1761,1,763,666,89,26
1761,2,656,635,73,44
1762,1,764,664,90,27
1762,2,654,632,71,47
1763,1,766,664,89,27
1763,2,651,629,69,50
1764,1,768,664,88,28
1764,2,650,629,66,50
1765,1,768,664,90,28
1765,2,647,634,71,45
1766,1,770,664,89,28
1766,2,644,636,74,40
1767,1,772,663,89,29
1767,2,642,635,74,40
1768,1,773,663,89,30
1768,2,640,633,70,42
1769,1,773,662,90,31
1769,2,638,633,70,43
1770,1,774,662,90,31
1770,2,636,637,72,40
1771,1,775,662,90,32
1771,2,632,640,77,34
1772,1,776,661,90,33
1772,2,629,643,78,31
1773,1,776,661,91,33
1773,2,626,641,75,33
1774,1,777,661,91,33
1774,2,623,639,75,33
1775,1,779,661,91,33
1775,2,620,639,73,31
1776,1,780,661,91,32
1776,2,618,645,76,26
1777,1,781,662,90,32
1777,2,615,650,78,21
1778,1,788,657,84,38
1778,2,613,648,77,23
1779,1,796,652,72,44
1779,2,611,646,77,25
1780,1,805,647,62,50
1780,2,609,644,76,27
1781,1,813,640,55,58
1781,2,606,645,76,26
1782,1,813,632,55,64
1782,2,604,644,75,27
1783,1,815,624,54,70
1783,2,602,642,75,28
1784,1,823,618,46,75
1784,2,601,640,74,29
1785,1,830,612,41,81
1785,2,599,640,74,29
1786,1,836,607,35,86
1786,2,598,640,74,29
1787,1,840,602,33,89
1787,2,597,640,74,28
1788,1,844,597,29,92
1788,2,595,641,75,27
1789,1,847,592,27,95
1789,2,594,642,75,25
1790,1,848,587,27,94
1790,2,593,644,75,24
1791,1,850,583,27,94
1791,2,591,643,75,24
1792,1,851,578,27,94
1792,2,590,643,75,24
1793,1,851,574,27,94
1793,2,589,643,75,24
1794,1,852,570,27,96
1794,2,588,642,75,24
1795,1,853,566,27,96
1795,2,587,641,74,25
1796,1,854,562,27,96
1796,2,587,640,73,25
1797,1,855,558,27,95
1797,2,586,639,72,26
1798,1,856,555,27,95
1798,2,585,639,71,26
1799,1,856,551,27,94
1799,2,584,638,69,26
1800,1,856,549,27,93
1800,2,583,637,68,28
