1,1,465,346
1,2,522,483
2,1,461,347
2,2,522,484
3,1,458,347
3,2,522,485
4,1,455,348
4,2,521,486
5,1,452,349
5,2,520,487
6,1,449,349
6,2,519,488
7,1,447,350
7,2,519,489
8,1,444,350
8,2,519,490
9,1,442,351
9,2,519,490
10,1,440,352
10,2,518,490
11,1,437,353
11,2,518,491
12,1,435,353
12,2,517,492
13,1,432,354
13,2,517,493
14,1,430,354
14,2,517,493
15,1,427,355
15,2,517,494
16,1,425,356
16,2,517,496
17,1,423,356
17,2,519,497
18,1,421,357
18,2,519,499
19,1,419,357
19,2,519,500
20,1,417,358
20,2,519,501
21,1,416,358
21,2,519,503
22,1,413,358
22,2,518,503
23,1,411,359
23,2,519,505
24,1,409,360
24,2,518,505
25,1,407,360
25,2,517,506
26,1,406,360
26,2,517,508
27,1,404,361
27,2,517,509
28,1,402,361
28,2,516,510
29,1,401,361
29,2,516,510
30,1,399,363
30,2,516,512
31,1,397,363
31,2,517,514
32,1,396,363
32,2,516,514
33,1,394,364
33,2,517,516
34,1,393,364
34,2,517,516
35,1,392,365
35,2,516,517
36,1,390,365
36,2,516,518
37,1,389,366
37,2,516,519
38,1,391,371
38,2,516,520
39,1,394,376
39,2,516,520
40,1,397,382
40,2,515,521
41,1,400,384
41,2,515,523
42,1,400,388
42,2,514,523
43,1,401,391
43,2,514,523
44,1,402,395
44,2,511,524
45,1,403,398
45,2,509,523
46,1,403,401
46,2,507,523
47,1,404,404
47,2,505,523
48,1,404,406
48,2,504,523
49,1,405,409
49,2,502,523
50,1,404,412
50,2,501,525
51,1,406,415
51,2,499,526
52,1,406,418
52,2,498,526
53,1,407,419
53,2,497,527
54,1,407,422
54,2,495,528
55,1,407,424
55,2,495,529
56,1,408,426
56,2,494,530
57,1,408,428
57,2,493,531
58,1,408,431
58,2,492,532
59,1,408,432
59,2,491,533
60,1,409,434
60,2,489,533
61,1,409,436
61,2,488,533
62,1,409,438
62,2,488,534
63,1,410,440
63,2,486,536
64,1,411,442
64,2,485,536
65,1,411,444
65,2,485,537
66,1,412,445
66,2,484,538
67,1,412,447
67,2,483,538
68,1,412,448
68,2,483,539
69,1,412,450
69,2,482,540
70,1,413,452
70,2,481,540
71,1,413,454
71,2,480,541
72,1,414,455
72,2,479,542
73,1,414,457
73,2,478,542
74,1,414,458
74,2,477,542
75,1,414,459
75,2,476,543
76,1,414,461
76,2,475,543
77,1,415,462
77,2,474,544
78,1,415,463
78,2,474,544
79,1,415,465
79,2,473,544
80,1,415,467
80,2,473,545
81,1,415,468
81,2,472,545
82,1,416,470
82,2,471,546
83,1,416,471
83,2,470,546
84,1,416,471
84,2,470,547
85,1,416,472
85,2,469,547
86,1,416,473
86,2,469,547
87,1,417,475
87,2,467,546
88,1,422,475
88,2,466,542
89,1,423,474
89,2,464,539
90,1,426,477
90,2,464,536
91,1,427,479
91,2,463,533
92,1,429,481
92,2,463,531
93,1,430,482
93,2,461,530
94,1,432,484
94,2,459,529
95,1,433,486
95,2,458,527
96,1,434,488
96,2,456,526
97,1,435,490
97,2,455,524
98,1,436,491
98,2,453,523
99,1,438,493
99,2,451,521
100,1,440,494
100,2,449,521
101,1,440,497
101,2,448,520
102,1,442,498
102,2,447,519
103,1,442,500
103,2,445,518
104,1,443,501
104,2,444,518
105,1,444,502
105,2,442,516
106,1,446,504
106,2,441,516
107,1,447,505
107,2,440,515
108,1,447,506
108,2,439,514
109,1,448,508
109,2,438,513
110,1,449,509
110,2,436,512
111,1,451,508
111,2,435,512
112,1,454,508
112,2,434,512
113,1,458,509
113,2,432,511
114,1,460,512
114,2,431,510
115,1,462,515
115,2,430,510
116,1,465,517
116,2,429,509
117,1,467,519
117,2,428,509
118,1,470,521
118,2,427,508
119,1,472,523
119,2,427,507
120,1,475,525
120,2,425,506
121,1,477,527
121,2,424,506
122,1,479,528
122,2,424,505
123,1,482,529
123,2,423,504
124,1,483,530
124,2,422,503
125,1,485,532
125,2,421,502
126,1,487,533
126,2,420,502
127,1,489,535
127,2,418,500
128,1,491,536
128,2,418,501
129,1,493,537
129,2,417,500
130,1,494,539
130,2,416,500
131,1,496,539
131,2,415,498
132,1,499,540
132,2,414,498
133,1,500,540
133,2,413,498
134,1,502,541
134,2,412,497
135,1,504,539
135,2,411,496
136,1,505,539
136,2,411,495
137,1,508,538
137,2,411,495
138,1,511,538
138,2,410,494
139,1,514,539
139,2,409,494
140,1,516,540
140,2,408,493
141,1,518,539
141,2,409,490
142,1,520,540
142,2,412,488
143,1,523,541
143,2,415,486
144,1,526,540
144,2,417,484
145,1,527,540
145,2,418,482
146,1,530,540
146,2,419,480
147,1,531,540
147,2,419,478
148,1,532,541
148,2,420,477
149,1,534,541
149,2,420,475
150,1,536,541
150,2,422,472
151,1,538,541
151,2,422,471
152,1,540,541
152,2,422,469
153,1,542,541
153,2,423,467
154,1,543,541
154,2,423,466
155,1,545,541
155,2,423,464
156,1,546,541
156,2,423,462
157,1,547,542
157,2,424,461
158,1,549,542
158,2,425,459
159,1,550,542
159,2,425,458
160,1,551,543
160,2,425,456
161,1,552,543
161,2,425,455
162,1,554,542
162,2,425,453
163,1,554,537
163,2,426,452
164,1,552,530
164,2,427,450
165,1,551,524
165,2,427,449
166,1,549,520
166,2,427,448
167,1,548,517
167,2,428,446
168,1,548,513
168,2,428,445
169,1,548,508
169,2,428,444
170,1,548,505
170,2,429,442
171,1,549,503
171,2,430,442
172,1,550,499
172,2,430,441
173,1,549,496
173,2,430,440
174,1,550,492
174,2,431,439
175,1,551,490
175,2,431,438
176,1,551,487
176,2,431,437
177,1,552,484
177,2,432,436
178,1,553,482
178,2,435,436
179,1,553,479
179,2,439,438
180,1,554,476
180,2,442,439
181,1,555,474
181,2,444,442
182,1,555,471
182,2,448,444
183,1,556,469
183,2,449,444
184,1,556,467
184,2,451,445
185,1,556,465
185,2,453,445
186,1,556,463
186,2,457,444
187,1,557,461
187,2,459,444
188,1,556,458
188,2,461,444
189,1,557,456
189,2,464,444
190,1,557,453
190,2,466,443
191,1,557,451
191,2,469,443
192,1,558,449
192,2,471,443
193,1,557,447
193,2,473,443
194,1,549,447
194,2,475,443
195,1,539,446
195,2,477,442
196,1,534,446
196,2,479,442
197,1,529,443
197,2,480,442
198,1,523,442
198,2,482,442
199,1,516,440
199,2,484,442
200,1,513,438
200,2,486,442
201,1,508,436
201,2,488,442
202,1,504,435
202,2,490,442
203,1,500,432
203,2,493,443
204,1,496,432
204,2,494,443
205,1,491,430
205,2,496,443
206,1,488,428
206,2,496,443
207,1,484,427
207,2,499,443
208,1,481,426
208,2,500,443
209,1,477,425
209,2,501,443
210,1,473,424
210,2,502,443
211,1,470,422
211,2,504,443
212,1,467,422
212,2,506,443
213,1,464,420
213,2,508,442
214,1,460,420
214,2,509,442
215,1,458,420
215,2,510,443
216,1,454,418
216,2,511,443
217,1,451,417
217,2,513,442
218,1,449,416
218,2,513,439
219,1,446,416
219,2,512,433
220,1,444,415
220,2,510,431
221,1,441,414
221,2,507,428
222,1,438,414
222,2,506,425
223,1,436,413
223,2,505,423
224,1,434,412
224,2,504,420
225,1,432,412
225,2,505,419
226,1,429,410
226,2,504,417
227,1,428,412
227,2,503,414
228,1,425,418
228,2,503,412
229,1,422,424
229,2,502,410
230,1,421,426
230,2,503,407
231,1,420,429
231,2,502,407
232,1,417,432
232,2,502,404
233,1,415,434
233,2,502,402
234,1,413,437
234,2,502,400
235,1,410,439
235,2,502,399
236,1,407,442
236,2,501,397
237,1,405,444
237,2,501,396
238,1,402,446
238,2,501,395
239,1,400,449
239,2,500,393
240,1,399,450
240,2,499,392
241,1,397,453
241,2,499,390
242,1,394,455
242,2,499,389
243,1,392,457
243,2,499,387
244,1,390,458
244,2,499,386
245,1,389,460
245,2,498,384
246,1,387,462
246,2,498,383
247,1,386,463
247,2,497,382
248,1,384,465
248,2,497,380
249,1,382,466
249,2,497,379
250,1,381,468
250,2,497,378
251,1,379,469
251,2,495,377
252,1,378,471
252,2,495,376
253,1,375,472
253,2,495,375
254,1,374,474
254,2,495,374
255,1,373,475
255,2,495,372
256,1,370,476
256,2,495,370
257,1,369,478
257,2,494,370
258,1,373,481
258,2,494,369
259,1,376,486
259,2,493,368
260,1,379,489
260,2,493,367
261,1,381,493
261,2,493,366
262,1,382,496
262,2,492,365
263,1,382,499
263,2,492,364
264,1,382,502
264,2,492,363
265,1,383,506
265,2,492,362
266,1,383,508
266,2,492,361
267,1,384,512
267,2,492,360
268,1,384,516
268,2,491,359
269,1,385,517
269,2,491,358
270,1,385,519
270,2,491,358
271,1,384,522
271,2,491,357
272,1,385,525
272,2,490,356
273,1,384,528
273,2,490,354
274,1,386,530
274,2,490,353
275,1,386,532
275,2,487,354
276,1,386,534
276,2,482,357
277,1,386,537
277,2,479,359
278,1,387,539
278,2,475,360
279,1,388,540
279,2,473,361
280,1,388,542
280,2,470,360
281,1,388,544
281,2,467,357
282,1,389,546
282,2,463,356
283,1,390,548
283,2,458,354
284,1,390,550
284,2,456,353
285,1,390,552
285,2,453,351
286,1,390,554
286,2,449,351
287,1,391,555
287,2,446,350
288,1,392,557
288,2,443,349
289,1,392,558
289,2,439,348
290,1,392,560
290,2,436,347
291,1,392,562
291,2,434,346
292,1,393,563
292,2,432,345
293,1,394,565
293,2,428,346
294,1,394,566
294,2,426,345
295,1,395,568
295,2,423,345
296,1,395,569
296,2,421,344
297,1,395,571
297,2,418,343
298,1,396,572
298,2,416,342
299,1,396,573
299,2,414,342
300,1,396,575
300,2,410,342
301,1,396,576
301,2,407,341
302,1,396,577
302,2,405,341
303,1,396,579
303,2,403,341
304,1,396,580
304,2,401,341
305,1,397,580
305,2,399,341
306,1,397,582
306,2,397,340
307,1,397,583
307,2,393,340
308,1,397,584
308,2,391,339
309,1,398,586
309,2,388,339
310,1,399,587
310,2,386,339
311,1,399,590
311,2,384,339
312,1,399,590
312,2,382,339
313,1,399,590
313,2,380,338
314,1,399,591
314,2,378,338
315,1,400,592
315,2,376,337
316,1,401,593
316,2,375,337
317,1,400,595
317,2,373,337
318,1,400,596
318,2,370,336
319,1,401,597
319,2,369,337
320,1,401,598
320,2,367,337
321,1,401,599
321,2,366,336
322,1,401,600
322,2,363,335
323,1,402,601
323,2,362,335
324,1,402,601
324,2,360,335
325,1,402,603
325,2,359,334
326,1,402,603
326,2,358,335
327,1,402,604
327,2,356,343
328,1,402,605
328,2,360,354
329,1,403,606
329,2,370,362
330,1,404,607
330,2,377,366
331,1,404,608
331,2,382,371
332,1,404,608
332,2,385,377
333,1,404,609
333,2,389,388
334,1,404,610
334,2,391,395
335,1,404,611
335,2,393,404
336,1,404,611
336,2,399,411
337,1,404,612
337,2,401,417
338,1,405,612
338,2,403,424
339,1,405,613
339,2,407,430
340,1,404,614
340,2,410,436
341,1,405,615
341,2,413,440
342,1,405,615
342,2,416,445
343,1,405,616
343,2,420,451
344,1,406,617
344,2,423,455
345,1,405,617
345,2,426,459
346,1,406,618
346,2,428,464
347,1,406,618
347,2,430,469
348,1,405,619
348,2,434,473
349,1,405,619
349,2,436,477
350,1,405,620
350,2,438,481
351,1,405,620
351,2,440,484
352,1,406,621
352,2,443,488
353,1,406,622
353,2,445,492
354,1,406,622
354,2,447,495
355,1,406,622
355,2,450,499
356,1,406,622
356,2,452,502
357,1,406,623
357,2,454,506
358,1,405,623
358,2,456,508
359,1,405,624
359,2,458,511
360,1,407,624
360,2,460,514
361,1,407,625
361,2,460,516
362,1,408,625
362,2,462,520
363,1,408,626
363,2,464,522
364,1,403,624
364,2,466,525
365,1,395,622
365,2,467,527
366,1,388,620
366,2,469,530
367,1,384,619
367,2,471,532
368,1,381,618
368,2,472,535
369,1,376,616
369,2,474,537
370,1,372,616
370,2,475,540
371,1,370,615
371,2,477,542
372,1,367,616
372,2,478,545
373,1,365,615
373,2,479,547
374,1,362,615
374,2,480,549
375,1,359,615
375,2,481,551
376,1,358,615
376,2,482,553
377,1,356,614
377,2,484,555
378,1,354,614
378,2,485,557
379,1,352,614
379,2,485,559
380,1,350,615
380,2,486,562
381,1,349,615
381,2,488,564
382,1,347,616
382,2,489,566
383,1,345,616
383,2,490,568
384,1,344,616
384,2,491,570
385,1,342,615
385,2,493,572
386,1,341,615
386,2,494,574
387,1,339,615
387,2,495,576
388,1,338,615
388,2,495,578
389,1,337,615
389,2,496,579
390,1,335,616
390,2,497,581
391,1,334,616
391,2,498,583
392,1,333,616
392,2,499,584
393,1,331,616
393,2,500,586
394,1,331,617
394,2,501,587
395,1,332,620
395,2,502,589
396,1,335,626
396,2,503,590
397,1,339,629
397,2,504,592
398,1,341,631
398,2,505,593
399,1,344,633
399,2,506,595
400,1,345,635
400,2,507,596
401,1,346,637
401,2,509,598
402,1,347,638
402,2,509,598
403,1,348,639
403,2,510,600
404,1,351,637
404,2,511,601
405,1,356,633
405,2,511,603
406,1,361,628
406,2,512,604
407,1,365,625
407,2,513,605
408,1,368,622
408,2,513,606
409,1,372,620
409,2,514,608
410,1,377,618
410,2,516,609
411,1,379,618
411,2,516,610
412,1,384,618
412,2,517,611
413,1,386,618
413,2,518,613
414,1,390,619
414,2,519,613
415,1,393,618
415,2,519,615
416,1,396,619
416,2,520,616
417,1,400,620
417,2,521,617
418,1,404,622
418,2,521,618
419,1,407,622
419,2,521,620
420,1,410,622
420,2,515,623
421,1,413,624
421,2,510,625
422,1,415,624
422,2,502,627
423,1,418,626
423,2,499,628
424,1,421,626
424,2,496,632
425,1,424,627
425,2,493,633
426,1,426,629
426,2,491,634
427,1,428,630
427,2,488,635
428,1,430,625
428,2,482,632
429,1,433,616
429,2,479,630
430,1,434,609
430,2,475,628
431,1,438,604
431,2,472,626
432,1,442,598
432,2,469,626
433,1,446,595
433,2,465,626
434,1,449,591
434,2,461,625
435,1,453,586
435,2,458,625
436,1,456,584
436,2,455,625
437,1,458,580
437,2,452,624
438,1,463,577
438,2,447,623
439,1,465,575
439,2,444,623
440,1,467,572
440,2,441,623
441,1,470,569
441,2,438,623
442,1,473,567
442,2,436,623
443,1,477,566
443,2,433,622
444,1,482,568
444,2,431,622
445,1,484,575
445,2,429,622
446,1,485,578
446,2,426,622
447,1,485,582
447,2,424,620
448,1,484,586
448,2,422,620
449,1,485,588
449,2,420,621
450,1,484,590
450,2,418,621
451,1,486,592
451,2,416,621
452,1,486,594
452,2,414,620
453,1,487,595
453,2,412,621
454,1,488,598
454,2,412,629
455,1,489,599
455,2,411,628
456,1,489,601
456,2,410,627
457,1,490,602
457,2,406,623
458,1,490,605
458,2,402,620
459,1,492,607
459,2,398,617
460,1,493,608
460,2,393,615
461,1,492,610
461,2,389,613
462,1,493,611
462,2,384,612
463,1,494,612
463,2,382,611
464,1,495,613
464,2,378,612
465,1,496,615
465,2,376,612
466,1,496,616
466,2,374,612
467,1,496,618
467,2,372,612
468,1,497,619
468,2,369,613
469,1,497,620
469,2,366,613
470,1,498,621
470,2,363,613
471,1,498,622
471,2,361,613
472,1,499,623
472,2,359,613
473,1,499,623
473,2,356,614
474,1,499,624
474,2,355,614
475,1,500,625
475,2,353,613
476,1,500,625
476,2,352,613
477,1,495,626
477,2,349,614
478,1,490,623
478,2,347,614
479,1,483,618
479,2,345,614
480,1,477,611
480,2,343,614
481,1,471,608
481,2,342,615
482,1,467,605
482,2,339,613
483,1,463,604
483,2,338,608
484,1,458,603
484,2,337,602
485,1,454,605
485,2,338,596
486,1,450,605
486,2,339,592
487,1,445,605
487,2,340,587
488,1,441,607
488,2,339,582
489,1,438,608
489,2,338,579
490,1,434,609
490,2,336,574
491,1,431,610
491,2,335,571
492,1,427,612
492,2,334,567
493,1,423,613
493,2,332,563
494,1,420,614
494,2,331,560
495,1,417,615
495,2,330,557
496,1,414,616
496,2,329,554
497,1,411,615
497,2,328,552
498,1,408,617
498,2,327,548
499,1,405,618
499,2,326,545
500,1,403,619
500,2,326,542
501,1,400,620
501,2,324,540
502,1,398,620
502,2,325,537
503,1,395,621
503,2,328,535
504,1,393,622
504,2,334,532
505,1,390,623
505,2,338,532
506,1,386,620
506,2,342,530
507,1,384,614
507,2,344,529
508,1,377,615
508,2,347,526
509,1,370,615
509,2,351,522
510,1,364,616
510,2,353,518
511,1,356,617
511,2,356,515
512,1,349,618
512,2,359,511
513,1,345,618
513,2,362,509
514,1,336,619
514,2,365,506
515,1,331,620
515,2,367,504
516,1,326,620
516,2,370,501
517,1,320,623
517,2,372,499
518,1,315,623
518,2,375,497
519,1,310,624
519,2,377,495
520,1,306,625
520,2,379,492
521,1,301,625
521,2,381,490
522,1,297,627
522,2,384,488
523,1,293,627
523,2,386,486
524,1,289,628
524,2,388,484
525,1,285,628
525,2,390,482
526,1,280,613
526,2,392,480
527,1,273,609
527,2,394,479
528,1,266,607
528,2,396,477
529,1,261,605
529,2,398,476
530,1,256,604
530,2,400,474
531,1,251,603
531,2,402,473
532,1,247,604
532,2,404,471
533,1,242,604
533,2,406,470
534,1,239,603
534,2,407,468
535,1,236,603
535,2,409,467
536,1,233,603
536,2,410,465
537,1,229,604
537,2,412,464
538,1,226,604
538,2,414,462
539,1,224,604
539,2,416,460
540,1,221,604
540,2,418,460
541,1,218,604
541,2,419,458
542,1,216,605
542,2,420,457
543,1,214,605
543,2,421,456
544,1,211,605
544,2,423,455
545,1,212,610
545,2,424,454
546,1,212,614
546,2,425,452
547,1,214,613
547,2,427,451
548,1,214,612
548,2,429,450
549,1,214,610
549,2,432,453
550,1,215,610
550,2,435,455
551,1,214,609
551,2,438,460
552,1,214,609
552,2,439,463
553,1,214,609
553,2,440,466
554,1,213,609
554,2,443,468
555,1,213,609
555,2,444,468
556,1,212,608
556,2,447,471
557,1,213,608
557,2,448,471
558,1,213,608
558,2,450,474
559,1,216,607
559,2,453,475
560,1,224,603
560,2,456,477
561,1,231,599
561,2,458,479
562,1,235,595
562,2,460,480
563,1,239,592
563,2,462,481
564,1,243,589
564,2,464,482
565,1,247,587
565,2,465,484
566,1,251,586
566,2,467,485
567,1,253,585
567,2,469,486
568,1,256,584
568,2,471,488
569,1,260,583
569,2,472,489
570,1,262,582
570,2,473,490
571,1,266,582
571,2,475,490
572,1,269,581
572,2,476,492
573,1,271,580
573,2,477,493
574,1,274,580
574,2,480,494
575,1,276,580
575,2,481,495
576,1,279,579
576,2,482,497
577,1,280,579
577,2,482,497
578,1,283,578
578,2,483,498
579,1,284,577
579,2,485,499
580,1,286,577
580,2,486,500
581,1,288,577
581,2,487,501
582,1,291,576
582,2,488,502
583,1,292,576
583,2,490,502
584,1,295,576
584,2,491,503
585,1,297,576
585,2,492,505
586,1,298,574
586,2,493,506
587,1,300,570
587,2,492,508
588,1,302,567
588,2,491,511
589,1,306,567
589,2,488,515
590,1,309,566
590,2,486,516
591,1,312,565
591,2,486,517
592,1,316,564
592,2,485,519
593,1,321,564
593,2,486,522
594,1,324,563
594,2,486,523
595,1,327,562
595,2,485,525
596,1,331,561
596,2,485,528
597,1,333,561
597,2,486,530
598,1,336,559
598,2,485,532
599,1,338,558
599,2,486,534
600,1,341,557
600,2,486,535
601,1,344,556
601,2,485,537
602,1,347,556
602,2,485,539
603,1,349,555
603,2,485,541
604,1,353,558
604,2,485,543
605,1,354,561
605,2,485,545
606,1,358,561
606,2,485,547
607,1,361,563
607,2,485,548
608,1,363,562
608,2,485,550
609,1,367,563
609,2,485,552
610,1,369,564
610,2,485,553
611,1,373,566
611,2,485,555
612,1,376,566
612,2,485,556
613,1,379,567
613,2,484,557
614,1,381,567
614,2,484,559
615,1,384,568
615,2,484,560
616,1,386,568
616,2,484,561
617,1,389,568
617,2,484,562
618,1,391,569
618,2,484,564
619,1,392,571
619,2,484,565
620,1,395,571
620,2,483,566
621,1,397,571
621,2,483,567
622,1,399,572
622,2,483,568
623,1,401,572
623,2,483,569
624,1,403,573
624,2,483,570
625,1,404,574
625,2,483,572
626,1,405,577
626,2,483,573
627,1,405,578
627,2,483,573
628,1,408,581
628,2,483,574
629,1,409,582
629,2,483,575
630,1,411,583
630,2,483,576
631,1,411,583
631,2,483,578
632,1,414,585
632,2,483,579
633,1,415,585
633,2,483,580
634,1,415,587
634,2,482,581
635,1,418,588
635,2,482,582
636,1,419,588
636,2,482,582
637,1,420,590
637,2,482,583
638,1,422,590
638,2,482,584
639,1,423,591
639,2,482,585
640,1,424,592
640,2,481,588
641,1,425,593
641,2,480,587
642,1,426,594
642,2,476,586
643,1,426,596
643,2,473,584
644,1,425,597
644,2,470,582
645,1,424,599
645,2,468,580
646,1,425,601
646,2,465,580
647,1,425,601
647,2,463,579
648,1,427,602
648,2,461,578
649,1,427,601
649,2,458,577
650,1,428,601
650,2,455,578
651,1,428,601
651,2,454,577
652,1,430,601
652,2,453,578
653,1,433,599
653,2,451,578
654,1,437,599
654,2,449,578
655,1,439,600
655,2,447,578
656,1,440,601
656,2,446,578
657,1,444,600
657,2,444,578
658,1,447,598
658,2,443,578
659,1,450,598
659,2,442,578
660,1,453,598
660,2,441,578
661,1,456,599
661,2,440,578
662,1,459,600
662,2,438,578
663,1,463,600
663,2,437,578
664,1,466,598
664,2,435,577
665,1,469,597
665,2,434,578
666,1,472,595
666,2,433,578
667,1,475,595
667,2,432,578
668,1,478,596
668,2,431,579
669,1,481,595
669,2,430,579
670,1,485,595
670,2,428,579
671,1,486,595
671,2,428,580
672,1,490,595
672,2,427,582
673,1,493,595
673,2,428,584
674,1,496,595
674,2,430,588
675,1,498,595
675,2,432,590
676,1,500,595
676,2,432,591
677,1,503,595
677,2,433,593
678,1,505,595
678,2,435,594
679,1,507,596
679,2,434,595
680,1,509,595
680,2,435,597
681,1,511,596
681,2,434,596
682,1,512,595
682,2,434,596
683,1,514,596
683,2,434,597
684,1,515,596
684,2,434,597
685,1,517,596
685,2,435,597
686,1,519,596
686,2,434,596
687,1,521,596
687,2,434,596
688,1,522,596
688,2,434,596
689,1,524,596
689,2,433,596
690,1,526,596
690,2,433,596
691,1,527,596
691,2,435,596
692,1,529,597
692,2,434,596
693,1,530,597
693,2,434,596
694,1,531,597
694,2,434,597
695,1,532,596
695,2,434,596
696,1,533,596
696,2,434,596
697,1,534,596
697,2,434,595
698,1,534,593
698,2,434,595
699,1,532,587
699,2,434,595
700,1,530,580
700,2,434,595
701,1,526,576
701,2,433,596
702,1,523,572
702,2,432,596
703,1,520,568
703,2,432,596
704,1,518,562
704,2,432,596
705,1,516,560
705,2,432,596
706,1,515,555
706,2,431,596
707,1,514,552
707,2,432,596
708,1,512,548
708,2,431,596
709,1,511,545
709,2,430,596
710,1,508,541
710,2,430,596
711,1,508,538
711,2,431,596
712,1,508,536
712,2,431,597
713,1,506,533
713,2,434,597
714,1,504,530
714,2,439,597
715,1,503,527
715,2,443,597
716,1,502,525
716,2,446,594
717,1,501,522
717,2,449,593
718,1,500,519
718,2,452,592
719,1,499,517
719,2,455,591
720,1,498,515
720,2,458,591
721,1,497,513
721,2,459,591
722,1,496,510
722,2,463,592
723,1,494,509
723,2,465,593
724,1,494,507
724,2,467,592
725,1,493,505
725,2,468,593
726,1,492,503
726,2,470,593
727,1,491,501
727,2,472,593
728,1,489,498
728,2,474,593
729,1,488,497
729,2,475,594
730,1,487,495
730,2,476,594
731,1,486,494
731,2,478,594
732,1,480,497
732,2,479,594
733,1,476,500
733,2,481,595
734,1,472,503
734,2,482,595
735,1,468,506
735,2,483,595
736,1,465,508
736,2,485,594
737,1,462,509
737,2,486,595
738,1,459,510
738,2,487,595
739,1,456,511
739,2,489,595
740,1,452,514
740,2,490,596
741,1,450,514
741,2,491,596
742,1,447,515
742,2,492,597
743,1,443,518
743,2,493,597
744,1,441,518
744,2,495,596
745,1,438,519
745,2,495,593
746,1,435,520
746,2,497,589
747,1,434,521
747,2,496,584
748,1,431,521
748,2,496,580
749,1,429,523
749,2,496,577
750,1,427,524
750,2,497,573
751,1,425,525
751,2,498,571
752,1,422,526
752,2,500,568
753,1,421,528
753,2,501,566
754,1,419,529
754,2,503,563
755,1,418,529
755,2,505,561
756,1,416,530
756,2,505,559
757,1,414,531
757,2,505,556
758,1,412,532
758,2,507,553
759,1,410,532
759,2,508,551
760,1,409,533
760,2,509,549
761,1,408,533
761,2,510,548
762,1,407,534
762,2,511,545
763,1,405,535
763,2,511,544
764,1,404,535
764,2,512,542
765,1,402,536
765,2,513,540
766,1,401,539
766,2,514,538
767,1,399,539
767,2,515,537
768,1,398,540
768,2,514,534
769,1,398,542
769,2,515,533
770,1,399,544
770,2,516,530
771,1,401,548
771,2,517,529
772,1,402,551
772,2,518,528
773,1,404,553
773,2,518,526
774,1,405,555
774,2,519,525
775,1,406,558
775,2,519,524
776,1,406,559
776,2,520,521
777,1,406,559
777,2,520,521
778,1,406,562
778,2,524,521
779,1,407,562
779,2,528,523
780,1,407,564
780,2,531,527
781,1,407,564
781,2,534,529
782,1,408,565
782,2,535,531
783,1,408,565
783,2,537,532
784,1,408,566
784,2,540,533
785,1,409,568
785,2,542,534
786,1,408,568
786,2,546,535
787,1,409,569
787,2,547,535
788,1,409,570
788,2,550,536
789,1,409,570
789,2,552,536
790,1,409,571
790,2,555,537
791,1,408,572
791,2,557,537
792,1,409,573
792,2,559,537
793,1,409,573
793,2,560,538
794,1,409,574
794,2,562,538
795,1,409,575
795,2,564,538
796,1,409,576
796,2,566,538
797,1,410,576
797,2,567,538
798,1,410,576
798,2,569,539
799,1,412,576
799,2,571,539
800,1,419,574
800,2,572,539
801,1,421,574
801,2,573,540
802,1,423,574
802,2,575,541
803,1,425,575
803,2,577,541
804,1,428,577
804,2,577,541
805,1,431,579
805,2,579,541
806,1,434,580
806,2,581,542
807,1,434,581
807,2,579,543
808,1,437,582
808,2,577,549
809,1,439,583
809,2,576,553
810,1,440,584
810,2,572,555
811,1,442,585
811,2,570,557
812,1,444,586
812,2,569,560
813,1,445,587
813,2,568,562
814,1,447,587
814,2,567,566
815,1,449,587
815,2,566,568
816,1,450,588
816,2,566,570
817,1,451,589
817,2,566,572
818,1,453,590
818,2,566,575
819,1,454,591
819,2,566,577
820,1,456,592
820,2,566,579
821,1,456,592
821,2,566,581
822,1,457,593
822,2,566,583
823,1,459,593
823,2,566,585
824,1,459,595
824,2,566,588
825,1,460,595
825,2,566,590
826,1,461,596
826,2,567,592
827,1,463,597
827,2,567,594
828,1,464,597
828,2,567,596
829,1,466,599
829,2,567,597
830,1,467,599
830,2,567,599
831,1,467,600
831,2,566,600
832,1,468,600
832,2,567,602
833,1,469,601
833,2,566,603
834,1,470,602
834,2,564,605
835,1,470,602
835,2,565,607
836,1,470,602
836,2,566,608
837,1,471,603
837,2,566,610
838,1,472,603
838,2,567,611
839,1,473,604
839,2,570,611
840,1,474,603
840,2,575,611
841,1,475,604
841,2,578,612
842,1,475,604
842,2,581,613
843,1,477,602
843,2,581,615
844,1,481,597
844,2,584,614
845,1,483,594
845,2,588,614
846,1,485,591
846,2,590,613
847,1,487,589
847,2,591,614
848,1,490,587
848,2,595,614
849,1,493,586
849,2,597,615
850,1,495,584
850,2,598,616
851,1,498,582
851,2,600,617
852,1,501,582
852,2,601,616
853,1,503,579
853,2,602,617
854,1,505,579
854,2,603,619
855,1,509,577
855,2,604,621
856,1,510,576
856,2,603,622
857,1,512,576
857,2,603,621
858,1,514,576
858,2,602,621
859,1,516,574
859,2,602,621
860,1,517,574
860,2,601,621
861,1,519,573
861,2,601,621
862,1,522,572
862,2,601,621
863,1,523,572
863,2,601,621
864,1,524,571
864,2,601,621
865,1,525,570
865,2,600,621
866,1,528,570
866,2,600,620
867,1,529,569
867,2,600,621
868,1,530,569
868,2,597,621
869,1,531,569
869,2,593,620
870,1,534,568
870,2,586,618
871,1,535,568
871,2,578,616
872,1,537,568
872,2,574,615
873,1,538,567
873,2,569,615
874,1,540,566
874,2,566,615
875,1,541,567
875,2,564,614
876,1,542,566
876,2,560,615
877,1,544,566
877,2,557,617
878,1,546,565
878,2,554,618
879,1,547,564
879,2,553,619
880,1,549,564
880,2,550,620
881,1,549,564
881,2,548,621
882,1,550,564
882,2,547,622
883,1,551,564
883,2,546,622
884,1,552,562
884,2,544,621
885,1,553,561
885,2,543,619
886,1,554,562
886,2,541,618
887,1,555,561
887,2,539,618
888,1,556,561
888,2,537,616
889,1,557,561
889,2,536,616
890,1,558,560
890,2,534,616
891,1,560,560
891,2,533,615
892,1,561,560
892,2,533,615
893,1,561,559
893,2,530,614
894,1,562,559
894,2,529,614
895,1,563,559
895,2,528,613
896,1,563,558
896,2,526,612
897,1,563,556
897,2,525,613
898,1,562,553
898,2,522,613
899,1,562,550
899,2,521,614
900,1,563,550
900,2,519,615
901,1,565,549
901,2,517,615
902,1,566,547
902,2,516,615
903,1,568,546
903,2,514,616
904,1,571,544
904,2,512,616
905,1,572,543
905,2,512,617
906,1,575,542
906,2,510,617
907,1,576,540
907,2,511,620
908,1,577,539
908,2,512,621
909,1,579,538
909,2,513,621
910,1,580,535
910,2,517,622
911,1,582,535
911,2,523,619
912,1,583,534
912,2,528,620
913,1,584,533
913,2,531,621
914,1,585,532
914,2,533,622
915,1,587,531
915,2,536,623
916,1,588,530
916,2,538,624
917,1,589,530
917,2,539,624
918,1,590,528
918,2,539,623
919,1,591,527
919,2,540,624
920,1,592,525
920,2,539,624
921,1,588,523
921,2,539,624
922,1,584,521
922,2,538,624
923,1,580,517
923,2,536,626
924,1,578,515
924,2,533,625
925,1,576,512
925,2,532,627
926,1,576,511
926,2,530,627
927,1,573,506
927,2,530,627
928,1,572,504
928,2,529,625
929,1,571,501
929,2,529,626
930,1,571,498
930,2,528,627
931,1,569,497
931,2,530,628
932,1,566,494
932,2,532,628
933,1,566,492
933,2,531,628
934,1,564,488
934,2,528,629
935,1,564,486
935,2,524,629
936,1,563,485
936,2,519,628
937,1,562,482
937,2,517,628
938,1,561,480
938,2,513,627
939,1,558,481
939,2,511,628
940,1,553,486
940,2,508,629
941,1,546,493
941,2,507,629
942,1,542,498
942,2,506,631
943,1,539,501
943,2,504,631
944,1,535,504
944,2,503,631
945,1,531,507
945,2,501,631
946,1,526,510
946,2,501,631
947,1,523,511
947,2,499,632
948,1,517,515
948,2,498,632
949,1,514,518
949,2,497,632
950,1,510,520
950,2,495,632
951,1,507,522
951,2,494,632
952,1,504,524
952,2,494,632
953,1,502,526
953,2,493,631
954,1,499,528
954,2,489,626
955,1,496,529
955,2,484,621
956,1,494,532
956,2,481,617
957,1,491,534
957,2,477,615
958,1,489,536
958,2,472,614
959,1,487,537
959,2,469,615
960,1,484,540
960,2,464,616
961,1,482,542
961,2,460,617
962,1,479,543
962,2,455,617
963,1,477,546
963,2,451,617
964,1,475,548
964,2,447,617
965,1,473,549
965,2,445,617
966,1,471,551
966,2,441,618
967,1,469,553
967,2,438,618
968,1,468,554
968,2,435,618
969,1,466,556
969,2,433,619
970,1,464,557
970,2,431,620
971,1,462,559
971,2,432,621
972,1,460,561
972,2,431,620
973,1,458,562
973,2,428,619
974,1,457,563
974,2,425,617
975,1,455,565
975,2,421,615
976,1,454,567
976,2,419,615
977,1,452,568
977,2,416,614
978,1,451,570
978,2,414,614
979,1,449,570
979,2,412,615
980,1,449,572
980,2,411,615
981,1,451,576
981,2,410,616
982,1,453,580
982,2,408,617
983,1,455,584
983,2,407,617
984,1,456,588
984,2,407,617
985,1,455,589
985,2,405,617
986,1,455,591
986,2,404,617
987,1,455,594
987,2,403,617
988,1,453,595
988,2,403,617
989,1,454,596
989,2,401,617
990,1,455,600
990,2,400,617
991,1,454,601
991,2,398,614
992,1,454,604
992,2,396,615
993,1,454,607
993,2,395,616
994,1,454,608
994,2,393,616
995,1,453,611
995,2,392,616
996,1,452,614
996,2,391,616
997,1,452,615
997,2,389,616
998,1,453,617
998,2,388,616
999,1,453,618
999,2,387,617
1000,1,455,620
1000,2,385,615
1001,1,455,622
1001,2,382,613
1002,1,453,624
1002,2,379,612
1003,1,453,625
1003,2,376,611
1004,1,453,626
1004,2,375,611
1005,1,453,628
1005,2,372,613
1006,1,453,629
1006,2,369,612
1007,1,453,630
1007,2,368,613
1008,1,453,632
1008,2,365,614
1009,1,453,633
1009,2,364,614
1010,1,453,634
1010,2,362,614
1011,1,453,636
1011,2,360,614
1012,1,453,636
1012,2,360,616
1013,1,451,636
1013,2,358,616
1014,1,446,635
1014,2,357,617
1015,1,442,634
1015,2,356,617
1016,1,437,632
1016,2,356,617
1017,1,435,631
1017,2,355,619
1018,1,433,633
1018,2,355,618
1019,1,431,635
1019,2,354,617
1020,1,428,635
1020,2,353,618
1021,1,426,638
1021,2,352,617
1022,1,424,637
1022,2,351,616
1023,1,423,639
1023,2,349,617
1024,1,418,636
1024,2,349,616
1025,1,415,634
1025,2,348,617
1026,1,412,631
1026,2,347,617
1027,1,410,631
1027,2,345,617
1028,1,405,629
1028,2,344,618
1029,1,403,630
1029,2,343,618
1030,1,400,630
1030,2,342,617
1031,1,396,628
1031,2,339,617
1032,1,394,628
1032,2,338,616
1033,1,392,629
1033,2,336,618
1034,1,389,628
1034,2,335,618
1035,1,385,627
1035,2,334,618
1036,1,383,627
1036,2,333,618
1037,1,380,627
1037,2,331,616
1038,1,378,627
1038,2,330,616
1039,1,375,627
1039,2,328,617
1040,1,373,627
1040,2,327,617
1041,1,371,627
1041,2,326,616
1042,1,369,626
1042,2,325,616
1043,1,367,625
1043,2,323,617
1044,1,365,626
1044,2,323,618
1045,1,364,626
1045,2,322,617
1046,1,362,625
1046,2,319,615
1047,1,360,626
1047,2,317,613
1048,1,359,626
1048,2,314,612
1049,1,356,626
1049,2,313,612
1050,1,355,625
1050,2,310,613
1051,1,353,625
1051,2,308,614
1052,1,352,625
1052,2,306,614
1053,1,350,625
1053,2,304,614
1054,1,349,625
1054,2,303,614
1055,1,347,625
1055,2,301,615
1056,1,346,625
1056,2,300,616
1057,1,344,626
1057,2,298,616
1058,1,343,626
1058,2,296,616
1059,1,341,624
1059,2,295,616
1060,1,340,624
1060,2,293,617
1061,1,339,624
1061,2,292,617
1062,1,337,625
1062,2,290,617
1063,1,336,627
1063,2,288,616
1064,1,334,632
1064,2,287,613
1065,1,334,635
1065,2,285,612
1066,1,332,636
1066,2,283,611
1067,1,332,636
1067,2,280,611
1068,1,331,639
1068,2,278,611
1069,1,329,639
1069,2,275,611
1070,1,328,639
1070,2,273,611
1071,1,327,642
1071,2,271,610
1072,1,325,640
1072,2,269,611
1073,1,322,639
1073,2,268,611
1074,1,319,638
1074,2,266,612
1075,1,317,639
1075,2,265,614
1076,1,314,640
1076,2,267,613
1077,1,311,640
1077,2,267,613
1078,1,308,636
1078,2,265,613
1079,1,305,630
1079,2,264,611
1080,1,305,626
1080,2,262,610
1081,1,302,622
1081,2,260,610
1082,1,298,620
1082,2,259,609
1083,1,296,618
1083,2,256,608
1084,1,293,617
1084,2,255,607
1085,1,291,614
1085,2,254,607
1086,1,287,612
1086,2,253,608
1087,1,284,611
1087,2,253,609
1088,1,281,609
1088,2,252,611
1089,1,278,606
1089,2,251,610
1090,1,277,606
1090,2,251,612
1091,1,274,604
1091,2,250,611
1092,1,272,602
1092,2,248,611
1093,1,270,600
1093,2,247,611
1094,1,267,598
1094,2,245,611
1095,1,265,598
1095,2,244,611
1096,1,264,597
1096,2,243,611
1097,1,262,595
1097,2,241,611
1098,1,259,594
1098,2,239,610
1099,1,257,593
1099,2,237,609
1100,1,255,591
1100,2,236,609
1101,1,254,590
1101,2,236,609
1102,1,252,590
1102,2,233,608
1103,1,250,589
1103,2,232,610
1104,1,248,589
1104,2,232,610
1105,1,247,588
1105,2,232,610
1106,1,245,587
1106,2,231,610
1107,1,244,586
1107,2,231,609
1108,1,242,585
1108,2,231,609
1109,1,241,583
1109,2,236,609
1110,1,239,582
1110,2,240,609
1111,1,237,583
1111,2,244,608
1112,1,235,582
1112,2,247,607
1113,1,234,581
1113,2,249,608
1114,1,232,581
1114,2,252,609
1115,1,230,579
1115,2,254,611
1116,1,229,579
1116,2,254,610
1117,1,228,578
1117,2,256,611
1118,1,226,577
1118,2,256,611
1119,1,225,576
1119,2,255,612
1120,1,223,576
1120,2,253,613
1121,1,222,576
1121,2,253,614
1122,1,219,580
1122,2,253,615
1123,1,218,584
1123,2,255,616
1124,1,217,588
1124,2,258,615
1125,1,214,589
1125,2,262,617
1126,1,213,591
1126,2,265,618
1127,1,212,592
1127,2,269,618
1128,1,211,593
1128,2,271,620
1129,1,210,594
1129,2,273,621
1130,1,208,596
1130,2,275,621
1131,1,206,597
1131,2,278,620
1132,1,204,598
1132,2,282,617
1133,1,202,599
1133,2,286,614
1134,1,201,599
1134,2,288,613
1135,1,200,601
1135,2,292,612
1136,1,198,601
1136,2,296,611
1137,1,197,601
1137,2,300,612
1138,1,196,603
1138,2,304,611
1139,1,194,603
1139,2,307,610
1140,1,193,604
1140,2,310,609
1141,1,192,605
1141,2,313,609
1142,1,191,606
1142,2,316,609
1143,1,191,608
1143,2,319,609
1144,1,189,608
1144,2,321,609
1145,1,188,609
1145,2,324,609
1146,1,187,609
1146,2,326,609
1147,1,186,610
1147,2,328,609
1148,1,184,610
1148,2,330,609
1149,1,183,611
1149,2,333,609
1150,1,182,612
1150,2,335,609
1151,1,186,615
1151,2,337,609
1152,1,187,617
1152,2,340,610
1153,1,188,619
1153,2,342,610
1154,1,188,619
1154,2,343,611
1155,1,187,620
1155,2,345,615
1156,1,189,622
1156,2,345,618
1157,1,188,623
1157,2,345,621
1158,1,187,624
1158,2,347,623
1159,1,187,624
1159,2,347,624
1160,1,186,627
1160,2,349,627
1161,1,185,628
1161,2,349,628
1162,1,184,628
1162,2,350,630
1163,1,184,630
1163,2,352,631
1164,1,184,630
1164,2,353,632
1165,1,184,631
1165,2,354,634
1166,1,186,632
1166,2,355,634
1167,1,192,629
1167,2,355,635
1168,1,199,628
1168,2,356,635
1169,1,203,625
1169,2,356,636
1170,1,208,624
1170,2,357,638
1171,1,211,623
1171,2,355,637
1172,1,213,622
1172,2,350,636
1173,1,216,621
1173,2,345,636
1174,1,219,621
1174,2,341,634
1175,1,221,623
1175,2,337,634
1176,1,224,624
1176,2,334,634
1177,1,226,623
1177,2,331,635
1178,1,228,624
1178,2,328,636
1179,1,231,624
1179,2,326,638
1180,1,232,625
1180,2,325,636
1181,1,234,625
1181,2,321,629
1182,1,235,625
1182,2,321,621
1183,1,237,626
1183,2,319,614
1184,1,239,626
1184,2,317,610
1185,1,241,626
1185,2,314,605
1186,1,242,626
1186,2,309,602
1187,1,243,626
1187,2,305,598
1188,1,246,626
1188,2,301,596
1189,1,248,626
1189,2,296,592
1190,1,249,628
1190,2,292,590
1191,1,250,628
1191,2,288,587
1192,1,251,627
1192,2,284,586
1193,1,253,623
1193,2,280,584
1194,1,256,619
1194,2,278,588
1195,1,259,618
1195,2,273,595
1196,1,262,616
1196,2,274,602
1197,1,267,614
1197,2,276,608
1198,1,269,614
1198,2,276,613
1199,1,271,614
1199,2,276,617
1200,1,274,612
1200,2,277,620
1201,1,279,611
1201,2,277,623
1202,1,282,610
1202,2,278,626
1203,1,283,609
1203,2,278,630
1204,1,286,608
1204,2,278,632
1205,1,290,608
1205,2,278,634
1206,1,290,609
1206,2,278,636
1207,1,293,609
1207,2,278,638
1208,1,296,607
1208,2,276,641
1209,1,297,606
1209,2,274,639
1210,1,299,605
1210,2,270,638
1211,1,302,605
1211,2,267,637
1212,1,304,604
1212,2,263,638
1213,1,306,603
1213,2,260,638
1214,1,308,604
1214,2,257,640
1215,1,310,603
1215,2,254,640
1216,1,311,603
1216,2,251,641
1217,1,313,602
1217,2,250,640
1218,1,315,602
1218,2,248,641
1219,1,316,601
1219,2,246,641
1220,1,319,601
1220,2,246,642
1221,1,321,600
1221,2,245,642
1222,1,323,600
1222,2,245,643
1223,1,324,600
1223,2,248,642
1224,1,326,599
1224,2,255,641
1225,1,327,599
1225,2,261,643
1226,1,329,599
1226,2,264,643
1227,1,330,598
1227,2,267,643
1228,1,332,597
1228,2,270,638
1229,1,333,597
1229,2,275,632
1230,1,335,597
1230,2,279,628
1231,1,337,597
1231,2,284,627
1232,1,337,597
1232,2,288,624
1233,1,339,596
1233,2,292,625
1234,1,341,595
1234,2,296,623
1235,1,342,595
1235,2,300,624
1236,1,343,595
1236,2,304,624
1237,1,345,597
1237,2,308,624
1238,1,345,605
1238,2,312,625
1239,1,343,610
1239,2,315,626
1240,1,342,612
1240,2,318,626
1241,1,341,614
1241,2,321,626
1242,1,340,616
1242,2,325,627
1243,1,339,617
1243,2,328,627
1244,1,340,619
1244,2,331,627
1245,1,340,619
1245,2,335,628
1246,1,340,621
1246,2,337,628
1247,1,340,621
1247,2,341,629
1248,1,341,623
1248,2,343,629
1249,1,341,624
1249,2,346,630
1250,1,341,624
1250,2,349,630
1251,1,341,626
1251,2,352,630
1252,1,341,626
1252,2,354,630
1253,1,341,627
1253,2,356,631
1254,1,342,628
1254,2,358,631
1255,1,343,629
1255,2,361,631
1256,1,343,628
1256,2,363,631
1257,1,346,627
1257,2,364,631
1258,1,348,623
1258,2,366,632
1259,1,350,621
1259,2,368,631
1260,1,351,619
1260,2,370,632
1261,1,353,619
1261,2,372,632
1262,1,355,617
1262,2,375,633
1263,1,357,617
1263,2,377,633
1264,1,359,617
1264,2,378,633
1265,1,360,616
1265,2,380,634
1266,1,362,617
1266,2,381,636
1267,1,362,617
1267,2,382,639
1268,1,352,589
1268,2,383,639
1269,1,355,572
1269,2,385,639
1270,1,358,559
1270,2,388,636
1271,1,363,549
1271,2,392,634
1272,1,367,540
1272,2,396,632
1273,1,372,533
1273,2,401,631
1274,1,376,526
1274,2,405,631
1275,1,380,519
1275,2,408,630
1276,1,385,513
1276,2,411,630
1277,1,388,507
1277,2,414,631
1278,1,391,501
1278,2,417,631
1279,1,395,496
1279,2,420,632
1280,1,398,491
1280,2,423,631
1281,1,401,486
1281,2,425,631
1282,1,404,481
1282,2,428,631
1283,1,407,477
1283,2,431,632
1284,1,410,472
1284,2,434,632
1285,1,413,468
1285,2,436,633
1286,1,416,463
1286,2,439,633
1287,1,418,460
1287,2,441,633
1288,1,421,456
1288,2,443,633
1289,1,423,452
1289,2,445,633
1290,1,425,447
1290,2,447,634
1291,1,427,444
1291,2,449,634
1292,1,429,440
1292,2,451,634
1293,1,431,437
1293,2,453,634
1294,1,433,434
1294,2,455,634
1295,1,435,432
1295,2,457,634
1296,1,437,429
1296,2,458,633
1297,1,438,426
1297,2,461,631
1298,1,440,423
1298,2,462,629
1299,1,442,420
1299,2,464,628
1300,1,444,418
1300,2,466,628
1301,1,445,416
1301,2,469,627
1302,1,450,420
1302,2,472,627
1303,1,457,427
1303,2,474,628
1304,1,458,435
1304,2,476,627
1305,1,458,441
1305,2,478,626
1306,1,457,446
1306,2,481,626
1307,1,457,449
1307,2,483,627
1308,1,456,454
1308,2,485,626
1309,1,459,459
1309,2,487,626
1310,1,459,461
1310,2,489,627
1311,1,459,465
1311,2,490,631
1312,1,461,468
1312,2,489,632
1313,1,463,472
1313,2,491,632
1314,1,464,475
1314,2,492,632
1315,1,465,477
1315,2,491,631
1316,1,465,480
1316,2,493,630
1317,1,466,482
1317,2,494,630
1318,1,467,485
1318,2,495,629
1319,1,468,488
1319,2,497,630
1320,1,469,489
1320,2,498,630
1321,1,470,491
1321,2,498,629
1322,1,471,494
1322,2,499,629
1323,1,473,496
1323,2,500,628
1324,1,473,499
1324,2,501,628
1325,1,473,501
1325,2,501,629
1326,1,474,503
1326,2,500,629
1327,1,475,505
1327,2,498,629
1328,1,476,507
1328,2,495,628
1329,1,477,509
1329,2,489,627
1330,1,477,511
1330,2,484,625
1331,1,478,512
1331,2,481,624
1332,1,479,514
1332,2,478,625
1333,1,480,516
1333,2,477,625
1334,1,481,518
1334,2,475,624
1335,1,481,519
1335,2,474,625
1336,1,482,521
1336,2,470,625
1337,1,483,523
1337,2,468,622
1338,1,484,524
1338,2,464,618
1339,1,484,526
1339,2,463,615
1340,1,485,528
1340,2,461,614
1341,1,486,529
1341,2,459,611
1342,1,487,530
1342,2,457,611
1343,1,488,531
1343,2,454,611
1344,1,488,532
1344,2,453,610
1345,1,488,533
1345,2,451,609
1346,1,489,535
1346,2,449,609
1347,1,490,536
1347,2,445,608
1348,1,490,538
1348,2,444,608
1349,1,491,539
1349,2,442,608
1350,1,491,540
1350,2,441,607
1351,1,492,542
1351,2,439,607
1352,1,492,543
1352,2,437,606
1353,1,493,545
1353,2,436,606
1354,1,493,546
1354,2,434,606
1355,1,494,547
1355,2,434,606
1356,1,495,548
1356,2,432,606
1357,1,496,549
1357,2,432,608
1358,1,496,550
1358,2,433,612
1359,1,496,552
1359,2,437,616
1360,1,497,553
1360,2,441,620
1361,1,497,554
1361,2,447,623
1362,1,498,555
1362,2,451,624
1363,1,499,556
1363,2,455,621
1364,1,499,557
1364,2,458,621
1365,1,500,559
1365,2,461,622
1366,1,500,560
1366,2,464,622
1367,1,500,561
1367,2,465,624
1368,1,496,563
1368,2,467,625
1369,1,493,565
1369,2,469,625
1370,1,489,568
1370,2,470,625
1371,1,489,572
1371,2,472,624
1372,1,488,573
1372,2,473,622
1373,1,488,576
1373,2,475,620
1374,1,486,579
1374,2,477,618
1375,1,487,581
1375,2,478,617
1376,1,486,583
1376,2,481,617
1377,1,486,585
1377,2,484,617
1378,1,486,586
1378,2,485,617
1379,1,484,588
1379,2,488,617
1380,1,484,591
1380,2,489,618
1381,1,482,593
1381,2,491,619
1382,1,482,595
1382,2,492,618
1383,1,482,597
1383,2,495,618
1384,1,481,599
1384,2,497,617
1385,1,481,601
1385,2,499,618
1386,1,480,603
1386,2,501,618
1387,1,478,603
1387,2,500,619
1388,1,477,605
1388,2,502,619
1389,1,477,606
1389,2,504,619
1390,1,475,607
1390,2,506,618
1391,1,475,609
1391,2,507,619
1392,1,475,611
1392,2,509,619
1393,1,474,612
1393,2,510,620
1394,1,474,614
1394,2,511,620
1395,1,474,615
1395,2,513,620
1396,1,472,616
1396,2,514,620
1397,1,472,618
1397,2,515,620
1398,1,472,619
1398,2,517,620
1399,1,475,621
1399,2,516,623
1400,1,478,624
1400,2,516,625
1401,1,479,624
1401,2,516,629
1402,1,479,625
1402,2,517,633
1403,1,480,627
1403,2,519,633
1404,1,480,628
1404,2,521,631
1405,1,479,629
1405,2,524,631
1406,1,480,631
1406,2,528,632
1407,1,481,632
1407,2,530,633
1408,1,481,634
1408,2,533,635
1409,1,481,635
1409,2,536,637
1410,1,482,636
1410,2,537,636
1411,1,481,638
1411,2,539,636
1412,1,482,639
1412,2,543,636
1413,1,482,640
1413,2,546,637
1414,1,482,641
1414,2,547,639
1415,1,483,640
1415,2,549,640
1416,1,484,640
1416,2,553,641
1417,1,485,640
1417,2,556,640
1418,1,486,640
1418,2,558,640
1419,1,485,640
1419,2,561,642
1420,1,485,639
1420,2,563,643
1421,1,485,639
1421,2,565,644
1422,1,486,641
1422,2,569,644
1423,1,485,641
1423,2,571,645
1424,1,486,641
1424,2,574,646
1425,1,486,641
1425,2,575,645
1426,1,486,641
1426,2,578,642
1427,1,485,641
1427,2,582,637
1428,1,485,641
1428,2,584,631
1429,1,484,641
1429,2,587,628
1430,1,485,641
1430,2,590,624
1431,1,485,641
1431,2,591,621
1432,1,485,641
1432,2,595,620
1433,1,485,641
1433,2,597,616
1434,1,485,641
1434,2,601,614
1435,1,485,641
1435,2,603,611
1436,1,484,641
1436,2,605,610
1437,1,484,641
1437,2,609,609
1438,1,490,640
1438,2,611,606
1439,1,494,639
1439,2,614,604
1440,1,496,639
1440,2,617,605
1441,1,497,639
1441,2,620,611
1442,1,500,640
1442,2,621,618
1443,1,502,641
1443,2,619,624
1444,1,504,641
1444,2,618,629
1445,1,504,642
1445,2,615,634
1446,1,505,643
1446,2,613,637
1447,1,508,642
1447,2,612,641
1448,1,508,643
1448,2,613,645
1449,1,511,644
1449,2,612,648
1450,1,512,645
1450,2,613,650
1451,1,513,644
1451,2,614,650
1452,1,516,639
1452,2,616,650
1453,1,518,635
1453,2,621,652
1454,1,521,633
1454,2,623,652
1455,1,524,631
1455,2,626,654
1456,1,526,630
1456,2,626,653
1457,1,529,628
1457,2,628,653
1458,1,532,628
1458,2,628,653
1459,1,535,627
1459,2,629,653
1460,1,537,625
1460,2,631,653
1461,1,539,624
1461,2,631,653
1462,1,542,624
1462,2,631,654
1463,1,545,624
1463,2,628,654
1464,1,547,623
1464,2,625,655
1465,1,549,621
1465,2,622,656
1466,1,550,620
1466,2,619,655
1467,1,552,620
1467,2,617,656
1468,1,554,619
1468,2,615,658
1469,1,556,619
1469,2,613,657
1470,1,558,619
1470,2,613,658
1471,1,560,618
1471,2,612,657
1472,1,561,617
1472,2,611,657
1473,1,562,616
1473,2,611,657
1474,1,564,616
1474,2,609,657
1475,1,565,616
1475,2,609,656
1476,1,567,615
1476,2,608,654
1477,1,569,615
1477,2,604,654
1478,1,570,614
1478,2,602,652
1479,1,571,614
1479,2,599,649
1480,1,573,614
1480,2,598,648
1481,1,574,613
1481,2,594,646
1482,1,575,613
1482,2,593,647
1483,1,575,612
1483,2,591,646
1484,1,577,613
1484,2,591,646
1485,1,578,612
1485,2,588,647
1486,1,579,612
1486,2,588,647
1487,1,581,611
1487,2,585,647
1488,1,583,610
1488,2,586,649
1489,1,584,613
1489,2,587,651
1490,1,584,618
1490,2,590,654
1491,1,584,624
1491,2,589,654
1492,1,584,629
1492,2,593,654
1493,1,583,633
1493,2,595,656
1494,1,583,635
1494,2,596,656
1495,1,583,636
1495,2,596,655
1496,1,582,637
1496,2,592,656
1497,1,582,639
1497,2,588,657
1498,1,581,640
1498,2,584,657
1499,1,582,640
1499,2,580,656
1500,1,583,643
1500,2,574,655
1501,1,585,646
1501,2,570,657
1502,1,584,648
1502,2,568,655
1503,1,585,647
1503,2,563,651
1504,1,577,640
1504,2,560,646
1505,1,569,637
1505,2,558,643
1506,1,557,625
1506,2,556,639
1507,1,551,614
1507,2,552,638
1508,1,544,605
1508,2,548,637
1509,1,539,602
1509,2,545,637
1510,1,533,599
1510,2,542,636
1511,1,528,597
1511,2,538,635
1512,1,523,595
1512,2,534,635
1513,1,517,594
1513,2,531,635
1514,1,512,592
1514,2,528,634
1515,1,508,591
1515,2,525,634
1516,1,503,590
1516,2,521,633
1517,1,499,589
1517,2,519,634
1518,1,495,588
1518,2,517,634
1519,1,491,586
1519,2,514,634
1520,1,487,585
1520,2,512,633
1521,1,483,584
1521,2,509,633
1522,1,479,583
1522,2,507,633
1523,1,476,582
1523,2,505,633
1524,1,473,582
1524,2,503,632
1525,1,470,581
1525,2,500,632
1526,1,467,580
1526,2,498,633
1527,1,463,579
1527,2,496,633
1528,1,461,578
1528,2,495,633
1529,1,458,577
1529,2,493,634
1530,1,455,576
1530,2,491,633
1531,1,453,575
1531,2,490,633
1532,1,450,574
1532,2,488,633
1533,1,448,573
1533,2,486,633
1534,1,445,573
1534,2,484,633
1535,1,443,572
1535,2,483,633
1536,1,441,572
1536,2,481,633
1537,1,438,572
1537,2,479,633
1538,1,436,573
1538,2,477,633
1539,1,433,574
1539,2,476,633
1540,1,431,574
1540,2,474,633
1541,1,429,574
1541,2,473,633
1542,1,425,573
1542,2,471,633
1543,1,423,571
1543,2,471,633
1544,1,422,572
1544,2,469,633
1545,1,420,570
1545,2,468,633
1546,1,418,569
1546,2,467,633
1547,1,415,569
1547,2,465,633
1548,1,413,568
1548,2,464,633
1549,1,412,567
1549,2,463,633
1550,1,410,566
1550,2,463,635
1551,1,408,566
1551,2,461,636
1552,1,406,566
1552,2,461,638
1553,1,405,566
1553,2,460,637
1554,1,403,565
1554,2,458,634
1555,1,401,565
1555,2,455,633
1556,1,400,564
1556,2,453,632
1557,1,397,564
1557,2,450,631
1558,1,395,564
1558,2,447,630
1559,1,394,564
1559,2,445,630
1560,1,392,563
1560,2,443,629
1561,1,391,565
1561,2,441,629
1562,1,389,571
1562,2,438,629
1563,1,388,573
1563,2,436,629
1564,1,385,576
1564,2,435,628
1565,1,384,579
1565,2,433,628
1566,1,382,581
1566,2,431,628
1567,1,381,582
1567,2,429,628
1568,1,380,583
1568,2,428,628
1569,1,378,584
1569,2,426,628
1570,1,377,587
1570,2,425,628
1571,1,374,588
1571,2,423,628
1572,1,373,589
1572,2,422,628
1573,1,372,589
1573,2,420,628
1574,1,370,590
1574,2,418,628
1575,1,368,595
1575,2,417,629
1576,1,366,595
1576,2,416,629
1577,1,365,596
1577,2,415,631
1578,1,363,596
1578,2,415,633
1579,1,363,598
1579,2,416,636
1580,1,362,599
1580,2,416,637
1581,1,360,599
1581,2,419,637
1582,1,359,600
1582,2,419,635
1583,1,358,600
1583,2,419,635
1584,1,357,601
1584,2,419,635
1585,1,351,598
1585,2,418,634
1586,1,346,597
1586,2,419,635
1587,1,343,600
1587,2,418,635
1588,1,339,604
1588,2,417,635
1589,1,334,607
1589,2,416,635
1590,1,330,610
1590,2,415,634
1591,1,324,612
1591,2,414,635
1592,1,321,615
1592,2,413,635
1593,1,317,617
1593,2,412,636
1594,1,313,621
1594,2,411,635
1595,1,310,624
1595,2,410,636
1596,1,308,625
1596,2,409,637
1597,1,305,627
1597,2,409,638
1598,1,302,629
1598,2,408,637
1599,1,300,634
1599,2,407,637
1600,1,298,635
1600,2,405,636
1601,1,299,638
1601,2,405,636
1602,1,302,642
1602,2,404,636
1603,1,304,645
1603,2,403,637
1604,1,305,646
1604,2,403,639
1605,1,308,647
1605,2,403,637
1606,1,313,644
1606,2,400,637
1607,1,316,642
1607,2,399,636
1608,1,320,642
1608,2,398,635
1609,1,322,640
1609,2,398,637
1610,1,324,639
1610,2,398,637
1611,1,327,639
1611,2,398,638
1612,1,329,639
1612,2,397,638
1613,1,330,638
1613,2,397,638
1614,1,332,640
1614,2,396,638
1615,1,333,639
1615,2,394,636
1616,1,333,639
1616,2,392,635
1617,1,334,640
1617,2,391,636
1618,1,336,640
1618,2,389,636
1619,1,337,640
1619,2,387,636
1620,1,338,640
1620,2,387,636
1621,1,339,640
1621,2,385,636
1622,1,340,640
1622,2,384,637
1623,1,342,641
1623,2,384,638
1624,1,342,641
1624,2,382,639
1625,1,343,641
1625,2,382,640
1626,1,344,641
1626,2,381,641
1627,1,344,641
1627,2,383,640
1628,1,346,641
1628,2,386,640
1629,1,346,641
1629,2,390,641
1630,1,347,641
1630,2,397,639
1631,1,347,641
1631,2,400,641
1632,1,349,641
1632,2,403,642
1633,1,349,642
1633,2,405,643
1634,1,350,642
1634,2,406,642
1635,1,350,642
1635,2,407,642
1636,1,351,643
1636,2,407,643
1637,1,352,643
1637,2,407,643
1638,1,352,643
1638,2,409,644
1639,1,353,643
1639,2,411,643
1640,1,353,643
1640,2,415,642
1641,1,354,644
1641,2,418,636
1642,1,354,644
1642,2,420,634
1643,1,355,645
1643,2,423,632
1644,1,356,645
1644,2,425,629
1645,1,356,645
1645,2,429,627
1646,1,357,645
1646,2,430,626
1647,1,357,645
1647,2,434,625
1648,1,358,645
1648,2,436,624
1649,1,358,646
1649,2,439,623
1650,1,359,646
1650,2,441,624
1651,1,359,646
1651,2,445,622
1652,1,360,647
1652,2,446,622
1653,1,360,647
1653,2,450,621
1654,1,361,647
1654,2,452,621
1655,1,361,647
1655,2,454,621
1656,1,363,642
1656,2,456,622
1657,1,365,641
1657,2,458,625
1658,1,368,640
1658,2,458,628
1659,1,370,642
1659,2,460,632
1660,1,373,642
1660,2,459,635
1661,1,376,642
1661,2,462,637
1662,1,378,642
1662,2,463,638
1663,1,379,641
1663,2,466,639
1664,1,381,642
1664,2,469,639
1665,1,383,641
1665,2,473,641
1666,1,385,643
1666,2,478,642
1667,1,387,642
1667,2,482,643
1668,1,388,642
1668,2,482,647
1669,1,390,643
1669,2,480,650
1670,1,392,643
1670,2,481,652
1671,1,393,642
1671,2,482,652
1672,1,395,642
1672,2,482,652
1673,1,397,643
1673,2,478,651
1674,1,398,643
1674,2,472,651
1675,1,400,643
1675,2,468,650
1676,1,401,644
1676,2,466,649
1677,1,403,643
1677,2,463,649
1678,1,405,643
1678,2,461,650
1679,1,407,643
1679,2,460,650
1680,1,408,643
1680,2,459,649
1681,1,410,643
1681,2,457,648
1682,1,411,643
1682,2,456,649
1683,1,412,643
1683,2,456,648
1684,1,414,643
1684,2,454,649
1685,1,415,643
1685,2,453,647
1686,1,416,644
1686,2,449,644
1687,1,417,644
1687,2,447,642
1688,1,418,644
1688,2,446,641
1689,1,419,644
1689,2,444,641
1690,1,421,644
1690,2,442,642
1691,1,422,644
1691,2,441,642
1692,1,423,643
1692,2,439,642
1693,1,424,643
1693,2,438,642
1694,1,425,643
1694,2,438,643
1695,1,426,643
1695,2,437,644
1696,1,427,643
1696,2,437,645
1697,1,427,643
1697,2,436,645
1698,1,428,643
1698,2,435,645
1699,1,430,644
1699,2,434,646
1700,1,431,644
1700,2,432,642
1701,1,432,644
1701,2,430,641
1702,1,433,645
1702,2,426,641
1703,1,433,646
1703,2,424,641
1704,1,435,648
1704,2,424,640
1705,1,434,650
1705,2,422,639
1706,1,436,650
1706,2,421,641
1707,1,438,650
1707,2,421,640
1708,1,440,648
1708,2,419,641
1709,1,441,647
1709,2,418,641
1710,1,444,648
1710,2,415,640
1711,1,446,648
1711,2,414,639
1712,1,450,649
1712,2,411,639
1713,1,451,648
1713,2,409,640
1714,1,453,648
1714,2,408,639
1715,1,456,649
1715,2,407,639
1716,1,458,649
1716,2,404,637
1717,1,459,649
1717,2,401,635
1718,1,463,650
1718,2,400,636
1719,1,465,650
1719,2,397,635
1720,1,466,651
1720,2,396,635
1721,1,467,650
1721,2,393,635
1722,1,470,649
1722,2,392,636
1723,1,471,649
1723,2,390,636
1724,1,473,649
1724,2,388,637
1725,1,473,650
1725,2,387,637
1726,1,476,650
1726,2,385,637
1727,1,477,650
1727,2,382,636
1728,1,478,650
1728,2,382,637
1729,1,480,650
1729,2,380,636
1730,1,481,650
1730,2,380,636
1731,1,482,650
1731,2,378,636
1732,1,483,650
1732,2,377,636
1733,1,485,649
1733,2,376,636
1734,1,486,650
1734,2,374,636
1735,1,488,650
1735,2,374,636
1736,1,489,650
1736,2,373,636
1737,1,490,650
1737,2,374,636
1738,1,491,650
1738,2,372,636
1739,1,492,650
1739,2,373,637
1740,1,493,650
1740,2,371,636
1741,1,493,649
1741,2,371,635
1742,1,494,649
1742,2,369,635
1743,1,495,649
1743,2,369,635
1744,1,493,653
1744,2,368,635
1745,1,493,652
1745,2,367,636
1746,1,496,651
1746,2,367,635
1747,1,498,650
1747,2,366,636
1748,1,500,647
1748,2,365,635
1749,1,504,646
1749,2,365,635
1750,1,505,646
1750,2,365,636
1751,1,508,645
1751,2,364,635
1752,1,510,645
1752,2,361,634
1753,1,513,645
1753,2,358,631
1754,1,515,645
1754,2,356,631
1755,1,516,645
1755,2,354,631
1756,1,518,644
1756,2,351,631
1757,1,519,644
1757,2,349,632
1758,1,521,644
1758,2,348,634
1759,1,523,644
1759,2,346,634
1760,1,525,643
1760,2,344,634
1761,1,527,644
1761,2,342,632
1762,1,528,644
1762,2,340,632
1763,1,529,644
1763,2,337,631
1764,1,531,644
1764,2,336,632
1765,1,532,644
1765,2,333,631
1766,1,534,646
1766,2,330,631
1767,1,535,646
1767,2,328,629
1768,1,536,646
1768,2,326,630
1769,1,537,646
1769,2,324,630
1770,1,538,646
1770,2,322,631
1771,1,539,646
1771,2,318,628
1772,1,540,646
1772,2,315,625
1773,1,541,646
1773,2,312,624
1774,1,542,646
1774,2,309,624
1775,1,543,647
1775,2,306,623
1776,1,544,647
1776,2,305,624
1777,1,544,646
1777,2,302,624
1778,1,544,637
1778,2,300,624
1779,1,544,627
1779,2,298,625
1780,1,540,619
1780,2,296,625
1781,1,540,609
1781,2,293,624
1782,1,541,602
1782,2,291,623
1783,1,543,595
1783,2,289,624
1784,1,544,587
1784,2,287,624
1785,1,545,581
1785,2,285,623
1786,1,545,575
1786,2,284,623
1787,1,546,570
1787,2,283,623
1788,1,547,564
1788,2,282,623
1789,1,548,559
1789,2,280,623
1790,1,550,554
1790,2,279,621
1791,1,550,549
1791,2,277,622
1792,1,552,545
1792,2,277,621
1793,1,553,541
1793,2,276,621
1794,1,554,537
1794,2,275,620
1795,1,554,533
1795,2,273,620
1796,1,556,529
1796,2,272,620
1797,1,556,525
1797,2,272,621
1798,1,557,522
1798,2,271,620
1799,1,558,518
1799,2,270,620
1800,1,559,514
1800,2,269,620
